 180 183 184 186 187 188 189 190 190 192 192 187 190 191 194 189
 176 184 184 185 187 189 189 189 187 123  88 188 189 192 195 189
 176 183 185 187 186 188 189 187 143  46  45 144 191 193 192 185
 178 184 185 187 186 185 184 173  69  43  43 113 190 192 191 180
 179 183 184 185 184 183 183  79  45  39  41  79 191 189 190 178
 180 183 184 185 186 183 147  45  42  52  46  55 190 188 187 174
 183 185 184 185 185 168  65  45  71 121  50  49 172 186 188 171
 182 183 184 184 181 105  49  48 157 145  50  48 139 183 186 169
 182 183 185 182 155  52  40  88 160 143  46  44 105 185 186 165
 181 182 182 156  76  44  35  38  41  46  42  42  69 185 185 158
 179 181 180 112  46  43  39  54  63  76  62  43  48 175 185 149
 179 183 176  64  46  59 173 185 186 186 135  44  46 141 183 147
 176 180 137  53  49 126 182 183 184 184 174  50  43 100 181 152
 176 182  93  47  67 183 183 185 184 185 184 100  54  77 186 153
 174 183 118  66 133 184 185 184 184 183 181 171  61  94 186 161
 173 181 184 178 179 181 180 179 180 181 179 177 176 179 183 165
 194 193 194 195 193 193 195 196 197 200 202 194 195 197 198 196
 189 188 190 189 191 192 193 192 194 129  78 192 194 194 195 191
 190 189 189 192 193 191 192 191 148  38  42 141 194 195 194 190
 189 188 187 190 192 193 192 180  65  42  43 107 194 194 194 187
 190 190 189 190 192 192 191  81  40  41  43  78 196 192 193 184
 191 190 188 190 189 190 158  43  43  47  44  51 192 193 192 178
 192 189 190 190 190 179  70  43  63 118  42  45 172 193 190 176
 190 188 191 190 189 110  42  44 155 150  42  45 133 192 191 174
 190 188 190 188 166  48  42  89 175 156  41  45  99 192 190 171
 191 188 189 163  74  43  41  41  42  40  44  45  66 192 189 165
 191 189 188 117  43  44  37  47  55  62  55  45  46 182 189 156
 189 190 185  65  44  53 175 191 193 194 149  44  45 144 190 153
 189 190 146  46  43 122 191 191 189 190 182  49  44  95 191 158
 190 191  95  49  65 185 190 191 190 190 192  99  46  71 193 160
 190 191 117  51 127 190 190 190 190 190 189 181  50  78 190 169
 189 188 191 190 195 195 194 194 192 191 190 190 189 190 195 184
 195 192 193 193 193 193 193 193 192 196 198 193 195 197 198 196
 193 192 192 194 193 195 194 193 192 134  98 195 194 194 196 195
 193 191 192 194 193 195 195 193 155  61  64 153 195 196 197 193
 192 192 192 194 194 192 192 181  79  55  58 126 197 195 194 190
 190 192 191 192 194 191 191  97  62  59  60  95 199 196 194 188
 194 193 193 193 194 192 162  64  60  69  61  66 198 196 192 183
 196 192 194 194 192 178  82  61  80 128  66  62 179 195 195 180
 195 195 193 194 191 120  68  66 161 155  62  63 144 194 195 177
 195 193 195 195 171  68  62 107 180 161  58  61 118 195 193 176
 195 194 192 167  91  63  63  64  65  62  56  60  87 195 192 172
 193 193 191 118  63  63  63  70  77  84  74  64  70 189 193 160
 193 191 186  82  65  75 176 186 190 192 151  63  69 154 194 156
 191 191 151  65  66 136 196 195 195 195 187  71  64 115 193 160
 191 194 106  63  81 191 195 195 197 197 195 110  64  93 197 160
 192 194 122  75 135 194 195 195 197 199 194 181  71 100 194 171
 191 191 191 189 195 197 196 194 194 196 196 190 186 190 194 177

 189 189 185 180 178 174 171 169 165 158 149 147 152 153 161 165
 194 195 192 191 190 187 188 186 186 185 185 183 181 186 186 183
 191 192 193 192 189 188 186 183 185 185 175 141 100  77  94 179
 190 189 191 190 191 190 172 139 105  69  48  46  43  54  61 176
 187 188 144 113  79  55  49  48  44  42  43  44  50 100 171 177
 192  88  45  43  41  46  50  50  46  42  62 135 174 184 181 179
 192 123  46  43  39  52 121 145 143  46  76 186 184 185 183 181
 190 187 143  69  45  42  71 157 160  41  63 186 184 184 184 180
 190 189 187 173  79  45  45  48  88  38  54 185 183 185 184 179
 189 189 189 184 183 147  65  49  40  35  39 173 182 183 185 180
 188 189 188 185 183 183 168 105  52  44  43  59 126 183 184 181
 187 187 186 186 184 186 185 181 155  76  46  46  49  67 133 179
 186 185 187 187 185 185 185 184 182 156 112  64  53  47  66 178
 184 184 185 185 184 184 184 184 185 182 180 176 137  93 118 184
 183 184 183 184 183 183 185 183 183 182 181 183 180 182 183 181
 180 176 176 178 179 180 183 182 182 181 179 179 176 176 174 173
 196 191 190 187 184 178 176 174 171 165 156 153 158 160 169 184
 198 195 194 194 193 192 190 191 190 189 189 190 191 193 190 195
 197 194 195 194 192 193 193 192 192 192 182 144  95  71  78 190
 195 194 194 194 196 192 172 133  99  66  46  45  44  46  50 189
 194 192 141 107  78  51  45  45  45  45  45  44  49  99 181 190
 202  78  42  43  43  44  42  42  41  44  55 149 182 192 189 190
 200 129  38  42  41  47 118 150 156  40  62 194 190 190 190 191
 197 194 148  65  40  43  63 155 175  42  55 193 189 190 190 192
 196 192 191 180  81  43  43  44  89  41  47 191 191 191 190 194
 195 193 192 192 191 158  70  42  42  41  37 175 191 190 190 194
 193 192 191 193 192 190 179 110  48  43  44  53 122 185 190 195
 193 191 193 192 192 189 190 189 166  74  43  44  43  65 127 195
 195 189 192 190 190 190 190 190 188 163 117  65  46  49  51 190
 194 190 189 187 189 188 190 191 190 189 188 185 146  95 117 191
 193 188 189 188 190 190 189 188 188 188 189 190 190 191 191 188
 194 189 190 189 190 191 192 190 190 191 191 189 189 190 190 189
 196 195 193 190 188 183 180 177 176 172 160 156 160 160 171 177
 198 196 197 194 194 192 195 195 193 192 193 194 193 197 194 194
 197 194 196 195 196 196 195 194 195 195 189 154 115  93 100 190
 195 194 195 197 199 198 179 144 118  87  70  69  64  64  71 186
 193 195 153 126  95  66  62  63  61  60  64  63  71 110 181 190
 198  98  64  58  60  61  66  62  58  56  74 151 187 195 194 196
 196 134  61  55  59  69 128 155 161  62  84 192 195 197 199 196
 192 192 155  79  62  60  80 161 180  65  77 190 195 197 197 194
 193 193 193 181  97  64  61  66 107  64  70 186 195 195 195 194
 193 194 195 192 191 162  82  68  62  63  63 176 196 195 195 196
 193 195 195 192 191 192 178 120  68  63  63  75 136 191 194 197
 193 193 193 194 194 194 192 191 171  91  63  65  66  81 135 195
 193 194 194 194 192 193 194 194 195 167 118  82  65  63  75 189
 193 192 192 192 191 193 194 193 195 192 191 186 151 106 122 191
 192 192 191 192 192 193 192 195 193 194 193 191 191 194 194 191
 195 193 193 192 190 194 196 195 195 195 193 193 191 191 192 191

 165 183 179 176 177 179 181 180 179 180 181 179 178 184 181 173
 161 186  94  61 171 181 183 184 184 185 184 133  66 118 183 174
 153 186  77  54 100 184 185 184 185 183 183  67  47  93 182 176
 152 181 100  43  50 174 184 184 183 182 126  49  53 137 180 176
 147 183 141  46  44 135 186 186 185 173  59  46  64 176 183 179
 149 185 175  48  43  62  76  63  54  39  43  46 112 180 181 179
 158 185 185  69  42  42  46  41  38  35  44  76 156 182 182 181
 165 186 185 105  44  46 143 160  88  40  52 155 182 185 183 182
 169 186 183 139  48  50 145 157  48  49 105 181 184 184 183 182
 171 188 186 172  49  50 121  71  45  65 168 185 185 184 185 183
 174 187 188 190  55  46  52  42  45 147 183 186 185 184 183 180
 178 190 189 191  79  41  39  45  79 183 183 184 185 184 183 179
 180 191 192 190 113  43  43  69 173 184 185 186 187 185 184 178
 185 192 193 191 144  45  46 143 187 189 188 186 187 185 183 176
 189 195 192 189 188  88 123 187 189 189 189 187 185 184 184 176
 189 194 191 190 187 192 192 190 190 189 188 187 186 184 183 180
 184 195 190 189 190 190 191 192 194 194 195 195 190 191 188 189
 169 190  78  50 181 189 190 190 190 190 190 127  51 117 191 190
 160 193  71  46  99 192 190 190 191 190 185  65  49  95 191 190
 158 191  95  44  49 182 190 189 191 191 122  43  46 146 190 189
 153 190 144  45  44 149 194 193 191 175  53  44  65 185 190 189
 156 189 182  46  45  55  62  55  47  37  44  43 117 188 189 191
 165 189 192  66  45  44  40  42  41  41  43  74 163 189 188 191
 171 190 192  99  45  41 156 175  89  42  48 166 188 190 188 190
 174 191 192 133  45  42 150 155  44  42 110 189 190 191 188 190
 176 190 193 172  45  42 118  63  43  70 179 190 190 190 189 192
 178 192 193 192  51  44  47  43  43 158 190 189 190 188 190 191
 184 193 192 196  78  43  41  40  81 191 192 192 190 189 190 190
 187 194 194 194 107  43  42  65 180 192 193 192 190 187 188 189
 190 194 195 194 141  42  38 148 191 192 191 193 192 189 189 190
 191 195 194 194 192  78 129 194 192 193 192 191 189 190 188 189
 196 198 197 195 194 202 200 197 196 195 193 193 195 194 193 194
 177 194 190 186 190 196 196 194 194 196 197 195 189 191 191 191
 171 194 100  71 181 194 199 197 195 195 194 135  75 122 194 192
 160 197  93  64 110 195 197 197 195 195 191  81  63 106 194 191
 160 193 115  64  71 187 195 195 195 196 136  66  65 151 191 191
 156 194 154  69  63 151 192 190 186 176  75  65  82 186 191 193
 160 193 189  70  64  74  84  77  70  63  63  63 118 191 193 193
 172 192 195  87  60  56  62  65  64  63  63  91 167 192 194 195
 176 193 195 118  61  58 161 180 107  62  68 171 195 195 193 195
 177 195 194 144  63  62 155 161  66  68 120 191 194 193 195 195
 180 195 195 179  62  66 128  80  61  82 178 192 194 194 192 196
 183 192 196 198  66  61  69  60  64 162 192 194 193 193 193 194
 188 194 196 199  95  60  59  62  97 191 191 194 192 191 192 190
 190 194 195 197 126  58  55  79 181 192 192 194 194 192 192 192
 193 197 196 195 153  64  61 155 193 195 195 193 194 192 191 193
 195 196 194 194 195  98 134 192 193 194 195 193 194 192 192 193
 196 198 197 195 193 198 196 192 193 193 193 193 193 193 192 195

 173 174 176 176 179 179 181 182 182 183 180 179 178 176 176 180
 181 183 182 180 183 181 182 183 183 185 183 183 184 183 184 183
 184 118  93 137 176 180 182 185 184 184 184 184 185 185 184 184
 178  66  47  53  64 112 156 182 184 185 185 185 187 187 185 186
 179 133  67  49  46  46  76 155 181 185 186 184 186 186 187 187
 181 184 183 126  59  43  44  52 105 168 183 183 185 188 189 188
 180 185 183 182 173  39  35  40  49  65 147 183 184 189 189 189
 179 184 185 183 185  54  38  88  48  45  45  79 173 187 189 190
 180 184 184 184 186  63  41 160 157  71  42  45  69 143 187 190
 181 183 185 184 186  76  46 143 145 121  52  39  43  46 123 192
 179 181 184 174 135  62  42  46  50  50  46  41  43  45  88 192
 177 171 100  50  44  43  42  44  48  49  55  79 113 144 188 187
 176  61  54  43  46  48  69 105 139 172 190 191 190 191 189 190
 179  94  77 100 141 175 185 185 183 186 188 189 192 193 192 191
 183 186 186 181 183 185 185 186 186 188 187 190 191 192 195 194
 165 161 153 152 147 149 158 165 169 171 174 178 180 185 189 189
 189 190 190 189 189 191 191 190 190 192 191 190 189 190 189 194
 188 191 191 190 190 189 188 188 188 189 190 190 188 189 188 193
 191 117  95 146 185 188 189 190 191 190 188 189 187 189 190 194
 190  51  49  46  65 117 163 188 190 190 190 190 190 192 189 195
 195 127  65  43  44  43  74 166 189 190 189 192 192 193 191 193
 195 190 185 122  53  44  43  48 110 179 190 192 193 191 192 193
 194 190 190 191 175  37  41  42  42  70 158 191 192 192 193 195
 194 190 191 191 191  47  41  89  44  43  43  81 180 191 192 196
 192 190 190 189 193  55  42 175 155  63  43  40  65 148 194 197
 191 190 190 190 194  62  40 156 150 118  47  41  42  38 129 200
 190 189 192 182 149  55  44  41  42  42  44  43  43  42  78 202
 190 181  99  49  44  45  45  45  45  45  51  78 107 141 192 194
 189  50  46  44  45  46  66  99 133 172 192 196 194 194 194 195
 190  78  71  95 144 182 192 192 192 193 193 192 194 195 194 197
 195 190 193 191 190 189 189 190 191 190 192 193 194 194 195 198
 184 169 160 158 153 156 165 171 174 176 178 184 187 190 191 196
 191 192 191 191 193 193 195 195 195 196 194 190 192 193 193 195
 191 194 194 191 191 193 194 193 195 192 193 192 192 191 192 192
 191 122 106 151 186 191 192 195 193 194 193 191 192 192 192 193
 189  75  63  65  82 118 167 195 194 194 193 192 194 194 194 193
 195 135  81  66  65  63  91 171 191 192 194 194 194 193 193 193
 197 194 191 136  75  63  63  68 120 178 192 191 192 195 195 193
 196 195 195 196 176  63  63  62  68  82 162 191 192 195 194 193
 194 195 195 195 186  70  64 107  66  61  64  97 181 193 193 193
 194 197 197 195 190  77  65 180 161  80  60  62  79 155 192 192
 196 199 197 195 192  84  62 161 155 128  69  59  55  61 134 196
 196 194 195 187 151  74  56  58  62  66  61  60  58  64  98 198
 190 181 110  71  63  64  60  61  63  62  66  95 126 153 195 193
 186  71  64  64  69  70  87 118 144 179 198 199 197 195 194 195
 190 100  93 115 154 189 195 195 194 195 196 196 195 196 194 197
 194 194 197 193 194 193 192 193 195 195 192 194 194 197 196 198
 177 171 160 160 156 160 172 176 177 180 183 188 190 193 195 196

