 188 194 191 186 144 123 110 121 161 189 190 188 188 187 188 158
 188 189 189  87  41  39  34  39  44  73 175 187 188 188 189 159
 189 187 188  55  42  53  58  54  42  42  42 147 187 187 188 160
 185 186 187  54  46 109 194 190 128  52  43  57 189 187 187 160
 182 185 185  50  46 109 185 183 185 110  41  39 177 186 186 156
 179 184 181  49  45 108 184 182 182 117  45  45 165 185 185 180
 179 182 186  49  44 106 182 178 142  45  39  64 185 184 186 180
 174 181 185  69  41  47  63  55  44  43  52 155 184 183 182 178
 175 180 183  66  39  40  41  41  37  39  49 139 181 182 182 175
 174 180 181  63  43  72 103  94  82  37  43  44 139 181 180 172
 175 180 179  62  42  98 177 181 182 154  68  40  73 185 180 168
 176 178 181  56  42  88 176 179 178 179 110  41  52 187 180 165
 178 178 181  55  45  92 175 153 136  93  39  40  81 182 179 164
 173 175 176  54  44  40  38  37  40  39  39  76 173 178 178 161
 170 171 173  63  41  36  35  39  39  58 100 167 177 178 176 157
 170 169 170 150 106 122 127 144 166 178 178 178 179 177 178 153
 188 188 187 186 144 122 111 117 154 191 188 186 187 186 188 156
 187 187 189  78  33  38  37  37  33  60 172 187 187 188 187 158
 188 186 188  47  37  48  52  44  31  36  35 142 186 186 187 159
 184 185 186  45  40  98 195 194 123  38  40  49 189 186 186 159
 183 185 185  46  40  98 183 182 185 109  39  38 174 186 186 156
 181 184 182  43  39 101 183 182 182 120  39  41 163 183 185 181
 180 182 186  45  41 106 189 185 147  43  39  54 179 182 184 180
 179 181 185  65  41  43  54  45  35  39  48 149 183 183 182 176
 179 180 185  64  36  37  36  37  34  37  43 137 184 182 182 177
 179 180 182  61  39  70 101  83  69  28  38  38 137 181 180 171
 180 180 181  58  39  96 179 183 184 154  65  37  64 181 180 169
 183 177 183  51  37  84 178 180 179 181 115  33  45 183 180 168
 180 177 184  54  39  83 183 157 144  99  38  36  71 181 179 165
 175 175 180  51  39  37  37  35  37  36  36  62 168 179 179 161
 176 174 178  60  38  37  36  37  32  50  91 164 177 178 178 159
 178 176 177 161 107 121 128 145 173 185 180 181 180 178 178 159
 187 189 186 186 146 128 121 128 157 189 188 186 186 186 188 161
 186 188 187  85  47  46  50  51  60  83 178 187 187 188 188 160
 191 186 187  54  47  62  71  63  45  50  50 149 186 186 187 160
 186 185 188  58  55 107 191 188 127  56  46  64 189 186 186 161
 185 186 185  50  56 114 183 183 186 118  46  42 178 186 186 157
 183 184 182  51  57 119 183 182 181 124  53  49 167 188 186 183
 181 182 186  53  49 117 185 184 151  60  47  65 183 187 186 185
 180 181 186  71  46  59  70  60  54  55  61 155 183 184 182 179
 180 181 186  76  47  50  51  48  48  53  66 144 184 182 182 180
 180 180 186  73  51  82 106  89  74  38  47  54 146 181 181 178
 181 180 184  72  47 105 178 183 184 156  73  54  84 186 181 176
 183 181 186  68  52  97 176 181 181 182 123  56  63 189 181 173
 180 179 185  71  59 107 182 163 150 112  58  48  83 182 179 170
 178 178 183  66  50  55  50  47  51  53  49  78 171 179 179 167
 181 178 180  71  46  51  45  47  47  66 104 166 179 181 180 165
 182 181 179 159 113 124 130 141 170 181 180 183 184 180 181 164

 158 159 160 160 156 180 180 178 175 172 168 165 164 161 157 153
 188 189 188 187 186 185 186 182 182 180 180 180 179 178 176 178
 187 188 187 187 186 185 184 183 182 181 185 187 182 178 178 177
 188 188 187 189 177 165 185 184 181 139  73  52  81 173 177 179
 188 187 147  57  39  45  64 155 139  44  40  41  40  76 167 178
 190 175  42  43  41  45  39  52  49  43  68 110  39  39 100 178
 189  73  42  52 110 117  45  43  39  37 154 179  93  39  58 178
 161  44  42 128 185 182 142  44  37  82 182 178 136  40  39 166
 121  39  54 190 183 182 178  55  41  94 181 179 153  37  39 144
 110  34  58 194 185 184 182  63  41 103 177 176 175  38  35 127
 123  39  53 109 109 108 106  47  40  72  98  88  92  40  36 122
 144  41  42  46  46  45  44  41  39  43  42  42  45  44  41 106
 186  87  55  54  50  49  49  69  66  63  62  56  55  54  63 150
 191 189 188 187 185 181 186 185 183 181 179 181 181 176 173 170
 194 189 187 186 185 184 182 181 180 180 180 178 178 175 171 169
 188 188 189 185 182 179 179 174 175 174 175 176 178 173 170 170
 156 158 159 159 156 181 180 176 177 171 169 168 165 161 159 159
 188 187 187 186 186 185 184 182 182 180 180 180 179 179 178 178
 186 188 186 186 186 183 182 183 182 181 181 183 181 179 178 178
 187 187 186 189 174 163 179 183 184 137  64  45  71 168 177 180
 186 187 142  49  38  41  54 149 137  38  37  33  36  62 164 181
 188 172  35  40  39  39  39  48  43  38  65 115  38  36  91 180
 191  60  36  38 109 120  43  39  37  28 154 181  99  36  50 185
 154  33  31 123 185 182 147  35  34  69 184 179 144  37  32 173
 117  37  44 194 182 182 185  45  37  83 183 180 157  35  37 145
 111  37  52 195 183 183 189  54  36 101 179 178 183  37  36 128
 122  38  48  98  98 101 106  43  37  70  96  84  83  37  37 121
 144  33  37  40  40  39  41  41  36  39  39  37  39  39  38 107
 186  78  47  45  46  43  45  65  64  61  58  51  54  51  60 161
 187 189 188 186 185 182 186 185 185 182 181 183 184 180 178 177
 188 187 186 185 185 184 182 181 180 180 180 177 177 175 174 176
 188 187 188 184 183 181 180 179 179 179 180 183 180 175 176 178
 161 160 160 161 157 183 185 179 180 178 176 173 170 167 165 164
 188 188 187 186 186 186 186 182 182 181 181 181 179 179 180 181
 186 188 186 186 186 188 187 184 182 181 186 189 182 179 181 180
 186 187 186 189 178 167 183 183 184 146  84  63  83 171 179 184
 186 187 149  64  42  49  65 155 144  54  54  56  48  78 166 183
 188 178  50  46  46  53  47  61  66  47  73 123  58  49 104 180
 189  83  50  56 118 124  60  55  53  38 156 182 112  53  66 181
 157  60  45 127 186 181 151  54  48  74 184 181 150  51  47 170
 128  51  63 188 183 182 184  60  48  89 183 181 163  47  47 141
 121  50  71 191 183 183 185  70  51 106 178 176 182  50  45 130
 128  46  62 107 114 119 117  59  50  82 105  97 107  55  51 124
 146  47  47  55  56  57  49  46  47  51  47  52  59  50  46 113
 186  85  54  58  50  51  53  71  76  73  72  68  71  66  71 159
 186 187 187 188 185 182 186 186 186 186 184 186 185 183 180 179
 189 188 186 185 186 184 182 181 181 180 180 181 179 178 178 181
 187 186 191 186 185 183 181 180 180 180 181 183 180 178 181 182

 153 178 177 179 178 178 178 166 144 127 122 106 150 170 169 170
 157 176 178 177 167 100  58  39  39  35  36  41  63 173 171 170
 161 178 178 173  76  39  39  40  37  38  40  44  54 176 175 173
 164 179 182  81  40  39  93 136 153 175  92  45  55 181 178 178
 165 180 187  52  41 110 179 178 179 176  88  42  56 181 178 176
 168 180 185  73  40  68 154 182 181 177  98  42  62 179 180 175
 172 180 181 139  44  43  37  82  94 103  72  43  63 181 180 174
 175 182 182 181 139  49  39  37  41  41  40  39  66 183 180 175
 178 182 183 184 155  52  43  44  55  63  47  41  69 185 181 174
 180 186 184 185  64  39  45 142 178 182 106  44  49 186 182 179
 180 185 185 165  45  45 117 182 182 184 108  45  49 181 184 179
 156 186 186 177  39  41 110 185 183 185 109  46  50 185 185 182
 160 187 187 189  57  43  52 128 190 194 109  46  54 187 186 185
 160 188 187 187 147  42  42  42  54  58  53  42  55 188 187 189
 159 189 188 188 187 175  73  44  39  34  39  41  87 189 189 188
 158 188 187 188 188 190 189 161 121 110 123 144 186 191 194 188
 159 178 178 180 181 180 185 173 145 128 121 107 161 177 176 178
 159 178 178 177 164  91  50  32  37  36  37  38  60 178 174 176
 161 179 179 168  62  36  36  37  35  37  37  39  51 180 175 175
 165 179 181  71  36  38  99 144 157 183  83  39  54 184 177 180
 168 180 183  45  33 115 181 179 180 178  84  37  51 183 177 183
 169 180 181  64  37  65 154 184 183 179  96  39  58 181 180 180
 171 180 181 137  38  38  28  69  83 101  70  39  61 182 180 179
 177 182 182 184 137  43  37  34  37  36  37  36  64 185 180 179
 176 182 183 183 149  48  39  35  45  54  43  41  65 185 181 179
 180 184 182 179  54  39  43 147 185 189 106  41  45 186 182 180
 181 185 183 163  41  39 120 182 182 183 101  39  43 182 184 181
 156 186 186 174  38  39 109 185 182 183  98  40  46 185 185 183
 159 186 186 189  49  40  38 123 194 195  98  40  45 186 185 184
 159 187 186 186 142  35  36  31  44  52  48  37  47 188 186 188
 158 187 188 187 187 172  60  33  37  37  38  33  78 189 187 187
 156 188 186 187 186 188 191 154 117 111 122 144 186 187 188 188
 164 181 180 184 183 180 181 170 141 130 124 113 159 179 181 182
 165 180 181 179 166 104  66  47  47  45  51  46  71 180 178 181
 167 179 179 171  78  49  53  51  47  50  55  50  66 183 178 178
 170 179 182  83  48  58 112 150 163 182 107  59  71 185 179 180
 173 181 189  63  56 123 182 181 181 176  97  52  68 186 181 183
 176 181 186  84  54  73 156 184 183 178 105  47  72 184 180 181
 178 181 181 146  54  47  38  74  89 106  82  51  73 186 180 180
 180 182 182 184 144  66  53  48  48  51  50  47  76 186 181 180
 179 182 184 183 155  61  55  54  60  70  59  46  71 186 181 180
 185 186 187 183  65  47  60 151 184 185 117  49  53 186 182 181
 183 186 188 167  49  53 124 181 182 183 119  57  51 182 184 183
 157 186 186 178  42  46 118 186 183 183 114  56  50 185 186 185
 161 186 186 189  64  46  56 127 188 191 107  55  58 188 185 186
 160 187 186 186 149  50  50  45  63  71  62  47  54 187 186 191
 160 188 188 187 187 178  83  60  51  50  46  47  85 187 188 186
 161 188 186 186 186 188 189 157 128 121 128 146 186 186 189 187

 170 170 173 178 176 175 174 175 174 179 179 182 185 189 188 188
 169 171 175 178 178 180 180 180 181 182 184 185 186 187 189 194
 170 173 176 181 181 179 181 183 185 186 181 185 187 188 189 191
 150  63  54  55  56  62  63  66  69  49  49  50  54  55  87 186
 106  41  44  45  42  42  43  39  41  44  45  46  46  42  41 144
 122  36  40  92  88  98  72  40  47 106 108 109 109  53  39 123
 127  35  38 175 176 177 103  41  63 182 184 185 194  58  34 110
 144  39  37 153 179 181  94  41  55 178 182 183 190  54  39 121
 166  39  40 136 178 182  82  37  44 142 182 185 128  42  44 161
 178  58  39  93 179 154  37  39  43  45 117 110  52  42  73 189
 178 100  39  39 110  68  43  49  52  39  45  41  43  42 175 190
 178 167  76  40  41  40  44 139 155  64  45  39  57 147 187 188
 179 177 173  81  52  73 139 181 184 185 165 177 189 187 188 188
 177 178 178 182 187 185 181 182 183 184 185 186 187 187 188 187
 178 176 178 179 180 180 180 182 182 186 185 186 187 188 189 188
 153 157 161 164 165 168 172 175 178 180 180 156 160 160 159 158
 178 176 175 180 183 180 179 179 179 180 181 183 184 188 187 188
 176 174 175 177 177 180 180 180 181 182 184 185 185 186 187 188
 177 178 180 184 183 181 182 185 185 186 182 185 186 188 189 187
 161  60  51  54  51  58  61  64  65  45  43  46  45  47  78 186
 107  38  39  39  37  39  39  36  41  41  39  40  40  37  33 144
 121  37  37  83  84  96  70  37  43 106 101  98  98  48  38 122
 128  36  37 183 178 179 101  36  54 189 183 183 195  52  37 111
 145  37  35 157 180 183  83  37  45 185 182 182 194  44  37 117
 173  32  37 144 179 184  69  34  35 147 182 185 123  31  33 154
 185  50  36  99 181 154  28  37  39  43 120 109  38  36  60 191
 180  91  36  38 115  65  38  43  48  39  39  39  40  35 172 188
 181 164  62  36  33  37  38 137 149  54  41  38  49 142 187 186
 180 177 168  71  45  64 137 184 183 179 163 174 189 186 187 187
 178 178 179 181 183 181 181 182 183 182 183 186 186 186 188 186
 178 178 179 179 180 180 180 182 182 184 185 186 186 187 187 188
 159 159 161 165 168 169 171 177 176 180 181 156 159 159 158 156
 182 181 178 180 183 181 180 180 180 181 183 185 186 191 186 187
 181 178 178 179 181 180 180 181 181 182 184 186 185 186 188 189
 179 180 183 185 186 184 186 186 186 186 182 185 188 187 187 186
 159  71  66  71  68  72  73  76  71  53  51  50  58  54  85 186
 113  46  50  59  52  47  51  47  46  49  57  56  55  47  47 146
 124  51  55 107  97 105  82  50  59 117 119 114 107  62  46 128
 130  45  50 182 176 178 106  51  70 185 183 183 191  71  50 121
 141  47  47 163 181 183  89  48  60 184 182 183 188  63  51 128
 170  47  51 150 181 184  74  48  54 151 181 186 127  45  60 157
 181  66  53 112 182 156  38  53  55  60 124 118  56  50  83 189
 180 104  49  58 123  73  47  66  61  47  53  46  46  50 178 188
 183 166  78  48  56  54  54 144 155  65  49  42  64 149 187 186
 184 179 171  83  63  84 146 184 183 183 167 178 189 186 187 186
 180 181 179 182 189 186 181 182 184 187 188 186 186 186 188 186
 181 180 179 179 181 181 181 182 182 186 186 186 186 187 188 188
 164 165 167 170 173 176 178 180 179 185 183 157 161 160 160 161

