 187 188 187 186 189 189 186 187 186 179 174 178 170 170 168 138
 191 188 186 183 185 186 187 171 118 102 106  75 134 178 177 144
 191 186 183 185 186 187 119  47  38  44  42  45  65 184 180 136
 194 189 188 188 184 100  41  37  44  58  45  32  54 186 181 139
 190 189 190 187 127  47  41  77 158 186 137  50  84 192 184 141
 188 186 189 148  55  46  92 189 186 186 184 178 190 186 182 145
 189 188 184  67  47  63 191 185 186 186 183 186 187 183 181 147
 189 189 140  50  45 125 188 186 187 186 187 186 186 187 186 146
 188 190 115  46  57 180 189 187 189 190 190 185 187 184 181 144
 187 190  93  55  83 190 189 189 188 187 188 191 191 188 184 146
 192 188  83  55 102 191 190 188 189 188 188 178 185 189 185 145
 191 188 103  62  70 184 188 190 191 155  71  53 175 188 188 146
 193 192 154  61  52  89 128 122 104  49  49  51 165 187 186 148
 191 192 192 112  69  55  57  51  49  49  60 143 193 191 188 152
 190 190 191 186 112  66  57  43  55 122 177 189 189 190 189 148
 187 190 190 187 187 181 165 170 188 189 188 189 190 193 192 152
 167 168 172 174 173 174 173 172 170 166 165 170 168 162 158 126
 167 162 164 165 165 164 168 160 112  94  97  59 114 166 163 130
 165 164 167 168 167 170 102  24  22  20  21  26  44 169 164 122
 166 164 166 167 172  86  19  23  24  30  23  25  30 167 166 126
 166 162 165 166 111  28  24  53 136 175 123  26  50 169 166 128
 167 164 166 128  26  22  55 162 166 167 166 158 166 167 167 129
 164 165 167  45  28  34 160 170 168 170 165 165 165 167 166 128
 166 165 118  25  31  96 170 169 170 169 168 167 166 166 167 131
 165 166  99  27  28 153 168 169 168 168 167 167 166 166 167 130
 167 168  67  29  59 171 168 166 167 167 165 166 165 166 165 130
 169 170  62  27  70 172 169 171 170 168 172 168 167 166 166 131
 170 169  80  29  41 165 171 169 170 139  57  41 150 166 166 129
 166 165 130  29  27  60 116 108  89  35  28  31 133 165 167 128
 168 166 168  82  30  28  31  34  29  29  26 108 168 168 168 132
 166 165 166 166  87  30  22  20  26  77 143 169 170 170 169 133
 172 176 177 177 179 169 144 146 169 172 172 174 174 173 172 137
 150 146 150 152 152 153 151 151 152 147 144 150 145 147 144 112
 149 145 148 149 151 151 153 145  99  89  94  60 106 151 149 115
 152 146 147 147 147 151  98  31  23  20  23  27  45 155 148 108
 151 146 147 148 149  77  27  21  23  26  23  22  30 151 152 113
 145 145 146 148  97  27  26  51 121 153 108  22  50 158 150 110
 147 146 147 114  26  22  50 145 153 151 147 135 145 149 145 112
 147 141 145  44  25  30 140 149 150 151 151 152 149 148 149 113
 144 144 102  24  23  78 148 149 148 148 149 150 148 151 151 112
 141 143  87  26  29 140 150 150 150 149 148 147 149 147 148 111
 142 151  61  26  56 150 149 150 151 149 147 148 152 149 147 113
 142 149  52  24  64 148 148 147 148 150 152 145 149 152 148 110
 144 143  62  26  37 145 146 145 148 120  55  42 138 150 149 109
 145 144 110  29  25  57 105  98  83  36  31  27 126 149 147 112
 142 147 147  67  27  27  30  31  30  28  27  93 148 151 148 113
 144 145 147 139  68  29  23  22  31  67 122 145 146 146 146 109
 145 149 149 147 146 133 115 119 137 149 151 150 151 151 152 114

 138 144 136 139 141 145 147 146 144 146 145 146 148 152 148 152
 168 177 180 181 184 182 181 186 181 184 185 188 186 188 189 192
 170 178 184 186 192 186 183 187 184 188 189 188 187 191 190 193
 170 134  65  54  84 190 187 186 187 191 185 175 165 193 189 190
 178  75  45  32  50 178 186 186 185 191 178  53  51 143 189 189
 174 106  42  45 137 184 183 187 190 188 188  71  49  60 177 188
 179 102  44  58 186 186 186 186 190 187 188 155  49  49 122 189
 186 118  38  44 158 186 186 187 189 188 189 191 104  49  55 188
 187 171  47  37  77 189 185 186 187 189 188 190 122  51  43 170
 186 187 119  41  41  92 191 188 189 189 190 188 128  57  57 165
 189 186 187 100  47  46  63 125 180 190 191 184  89  55  66 181
 189 185 186 184 127  55  47  45  57  83 102  70  52  69 112 187
 186 183 185 188 187 148  67  50  46  55  55  62  61 112 186 187
 187 186 183 188 190 189 184 140 115  93  83 103 154 192 191 190
 188 188 186 189 189 186 188 189 190 190 188 188 192 192 190 190
 187 191 191 194 190 188 189 189 188 187 192 191 193 191 190 187
 126 130 122 126 128 129 128 131 130 130 131 129 128 132 133 137
 158 163 164 166 166 167 166 167 167 165 166 166 167 168 169 172
 162 166 169 167 169 167 167 166 166 166 166 166 165 168 170 173
 168 114  44  30  50 166 165 166 166 165 167 150 133 168 170 174
 170  59  26  25  26 158 165 167 167 166 168  41  31 108 169 174
 165  97  21  23 123 166 165 168 167 165 172  57  28  26 143 172
 166  94  20  30 175 167 170 169 168 167 168 139  35  29  77 172
 170 112  22  24 136 166 168 170 168 167 170 170  89  29  26 169
 172 160  24  23  53 162 170 169 169 166 171 169 108  34  20 146
 173 168 102  19  24  55 160 170 168 168 169 171 116  31  22 144
 174 164 170  86  28  22  34  96 153 171 172 165  60  28  30 169
 173 165 167 172 111  26  28  31  28  59  70  41  27  30  87 179
 174 165 168 167 166 128  45  25  27  29  27  29  29  82 166 177
 172 164 167 166 165 166 167 118  99  67  62  80 130 168 166 177
 168 162 164 164 162 164 165 165 166 168 170 169 165 166 165 176
 167 167 165 166 166 167 164 166 165 167 169 170 166 168 166 172
 112 115 108 113 110 112 113 112 111 113 110 109 112 113 109 114
 144 149 148 152 150 145 149 151 148 147 148 149 147 148 146 152
 147 151 155 151 158 149 148 151 147 149 152 150 149 151 146 151
 145 106  45  30  50 145 149 148 149 152 149 138 126 148 146 151
 150  60  27  22  22 135 152 150 147 148 145  42  27  93 145 150
 144  94  23  23 108 147 151 149 148 147 152  55  31  27 122 151
 147  89  20  26 153 151 151 148 149 149 150 120  36  28  67 149
 152  99  23  23 121 153 150 148 150 151 148 148  83  30  31 137
 151 145  31  21  51 145 149 149 150 150 147 145  98  31  22 119
 151 153  98  27  26  50 140 148 150 149 148 146 105  30  23 115
 153 151 151  77  27  22  30  78 140 150 148 145  57  27  29 133
 152 151 147 149  97  26  25  23  29  56  64  37  25  27  68 146
 152 149 147 148 148 114  44  24  26  26  24  26  29  67 139 147
 150 148 147 147 146 147 145 102  87  61  52  62 110 147 147 149
 146 145 146 146 145 146 141 144 143 151 149 143 144 147 145 149
 150 149 152 151 145 147 147 144 141 142 142 144 145 142 144 145

 152 192 193 190 189 188 189 188 170 165 181 187 187 190 190 187
 148 189 190 189 189 177 122  55  43  57  66 112 186 191 190 190
 152 188 191 193 143  60  49  49  51  57  55  69 112 192 192 191
 148 186 187 165  51  49  49 104 122 128  89  52  61 154 192 193
 146 188 188 175  53  71 155 191 190 188 184  70  62 103 188 191
 145 185 189 185 178 188 188 189 188 190 191 102  55  83 188 192
 146 184 188 191 191 188 187 188 189 189 190  83  55  93 190 187
 144 181 184 187 185 190 190 189 187 189 180  57  46 115 190 188
 146 186 187 186 186 187 186 187 186 188 125  45  50 140 189 189
 147 181 183 187 186 183 186 186 185 191  63  47  67 184 188 189
 145 182 186 190 178 184 186 186 189  92  46  55 148 189 186 188
 141 184 192  84  50 137 186 158  77  41  47 127 187 190 189 190
 139 181 186  54  32  45  58  44  37  41 100 184 188 188 189 194
 136 180 184  65  45  42  44  38  47 119 187 186 185 183 186 191
 144 177 178 134  75 106 102 118 171 187 186 185 183 186 188 191
 138 168 170 170 178 174 179 186 187 186 189 189 186 187 188 187
 137 172 173 174 174 172 172 169 146 144 169 179 177 177 176 172
 133 169 170 170 169 143  77  26  20  22  30  87 166 166 165 166
 132 168 168 168 108  26  29  29  34  31  28  30  82 168 166 168
 128 167 165 133  31  28  35  89 108 116  60  27  29 130 165 166
 129 166 166 150  41  57 139 170 169 171 165  41  29  80 169 170
 131 166 166 167 168 172 168 170 171 169 172  70  27  62 170 169
 130 165 166 165 166 165 167 167 166 168 171  59  29  67 168 167
 130 167 166 166 167 167 168 168 169 168 153  28  27  99 166 165
 131 167 166 166 167 168 169 170 169 170  96  31  25 118 165 166
 128 166 167 165 165 165 170 168 170 160  34  28  45 167 165 164
 129 167 167 166 158 166 167 166 162  55  22  26 128 166 164 167
 128 166 169  50  26 123 175 136  53  24  28 111 166 165 162 166
 126 166 167  30  25  23  30  24  23  19  86 172 167 166 164 166
 122 164 169  44  26  21  20  22  24 102 170 167 168 167 164 165
 130 163 166 114  59  97  94 112 160 168 164 165 165 164 162 167
 126 158 162 168 170 165 166 170 172 173 174 173 174 172 168 167
 114 152 151 151 150 151 149 137 119 115 133 146 147 149 149 145
 109 146 146 146 145 122  67  31  22  23  29  68 139 147 145 144
 113 148 151 148  93  27  28  30  31  30  27  27  67 147 147 142
 112 147 149 126  27  31  36  83  98 105  57  25  29 110 144 145
 109 149 150 138  42  55 120 148 145 146 145  37  26  62 143 144
 110 148 152 149 145 152 150 148 147 148 148  64  24  52 149 142
 113 147 149 152 148 147 149 151 150 149 150  56  26  61 151 142
 111 148 147 149 147 148 149 150 150 150 140  29  26  87 143 141
 112 151 151 148 150 149 148 148 149 148  78  23  24 102 144 144
 113 149 148 149 152 151 151 150 149 140  30  25  44 145 141 147
 112 145 149 145 135 147 151 153 145  50  22  26 114 147 146 147
 110 150 158  50  22 108 153 121  51  26  27  97 148 146 145 145
 113 152 151  30  22  23  26  23  21  27  77 149 148 147 146 151
 108 148 155  45  27  23  20  23  31  98 151 147 147 147 146 152
 115 149 151 106  60  94  89  99 145 153 151 151 149 148 145 149
 112 144 147 145 150 144 147 152 151 151 153 152 152 150 146 150

 187 190 191 193 191 192 187 188 189 189 188 190 194 191 191 187
 190 190 192 192 188 188 190 190 189 188 186 189 189 186 188 188
 190 191 192 154 103  83  93 115 140 184 189 190 188 183 186 187
 187 186 112  61  62  55  55  46  50  67 148 187 188 185 183 186
 187 112  69  52  70 102  83  57  45  47  55 127 184 186 185 189
 181  66  55  89 184 191 190 180 125  63  46  47 100 187 186 189
 165  57  57 128 188 190 189 189 188 191  92  41  41 119 187 186
 170  43  51 122 190 188 189 187 186 185 189  77  37  47 171 187
 188  55  49 104 191 189 188 189 187 186 186 158  44  38 118 186
 189 122  49  49 155 188 187 190 186 186 186 186  58  44 102 179
 188 177  60  49  71 188 188 190 187 183 184 137  45  42 106 174
 189 189 143  51  53 178 191 185 186 186 178  50  32  45  75 178
 190 189 193 165 175 185 191 187 186 187 190  84  54  65 134 170
 193 190 191 187 188 189 188 184 187 183 186 192 186 184 178 170
 192 189 188 186 188 185 184 181 186 181 182 184 181 180 177 168
 152 148 152 148 146 145 146 144 146 147 145 141 139 136 144 138
 172 166 168 166 170 169 167 165 166 164 167 166 166 165 167 167
 176 165 166 165 169 170 168 166 165 165 164 162 164 164 162 168
 177 166 168 130  80  62  67  99 118 167 166 165 166 167 164 172
 177 166  82  29  29  27  29  27  25  45 128 166 167 168 165 174
 179  87  30  27  41  70  59  28  31  28  26 111 172 167 165 173
 169  30  28  60 165 172 171 153  96  34  22  28  86 170 164 174
 144  22  31 116 171 169 168 168 170 160  55  24  19 102 168 173
 146  20  34 108 169 171 166 169 169 170 162  53  23  24 160 172
 169  26  29  89 170 170 167 168 170 168 166 136  24  22 112 170
 172  77  29  35 139 168 167 168 169 170 167 175  30  20  94 166
 172 143  26  28  57 172 165 167 168 165 166 123  23  21  97 165
 174 169 108  31  41 168 166 167 167 165 158  26  25  26  59 170
 174 170 168 133 150 167 165 166 166 165 166  50  30  44 114 168
 173 170 168 165 166 166 166 166 166 167 167 169 167 169 166 162
 172 169 168 167 166 166 165 167 167 166 167 166 166 164 163 158
 137 133 132 128 129 131 130 130 131 128 129 128 126 122 130 126
 145 144 142 145 144 142 142 141 144 147 147 145 151 152 149 150
 149 145 147 144 143 149 151 143 144 141 146 145 146 146 145 146
 149 147 147 110  62  52  61  87 102 145 147 146 147 147 148 150
 147 139  67  29  26  24  26  26  24  44 114 148 148 147 149 152
 146  68  27  25  37  64  56  29  23  25  26  97 149 147 151 152
 133  29  27  57 145 148 150 140  78  30  22  27  77 151 151 153
 115  23  30 105 146 148 149 150 148 140  50  26  27  98 153 151
 119  22  31  98 145 147 150 150 149 149 145  51  21  31 145 151
 137  31  30  83 148 148 151 150 148 150 153 121  23  23  99 152
 149  67  28  36 120 150 149 149 148 151 151 153  26  20  89 147
 151 122  27  31  55 152 147 148 149 151 147 108  23  23  94 144
 150 145  93  27  42 145 148 147 150 152 135  22  22  27  60 150
 151 146 148 126 138 149 152 149 148 149 145  50  30  45 106 145
 151 146 151 149 150 152 149 147 151 148 149 158 151 155 151 147
 152 146 148 147 149 148 147 148 151 149 145 150 152 148 149 144
 114 109 113 112 109 110 113 111 112 113 112 110 113 108 115 112

