 199 212 211 207 142 132 188 206 203 202 205 205 207 205 203 205
 181 205 203 163  53  47  52 107 167 187 197 203 202 200 200 200
 176 195 198 147  55  45  48  48  47  57 119 186 194 198 197 195
 175 189 190 143  50  45  89  56  52  46  47  69 169 190 195 191
 177 187 188 135  52  40 166 183 117  75  47  42  72 179 189 191
 175 182 184 168  49  49 170 186 186 187 113  43  44  82 189 184
 176 182 181 165  41  45 172 185 183 184 183 123  46  45 130 182
 153 178 177 161  41  42 176 183 183 183 184 184  77  40  64 185
 145 179 177 153  39  44 176 181 181 183 178 177 121  36  41 174
 148 178 177 146  37  42 141 177 178 178 177 175 126  36  37 165
 151 175 177 136  39  42 144 176 176 176 177 174 103  39  41 169
 152 172 174 125  45  43 150 174 175 175 177 157  45  38  71 171
 155 169 169 129  40  42 141 170 171 172 161  72  35  41 135 170
 159 168 170 139  40  38  43  69  76  61  42  32  35 106 170 169
 134 166 170 160  69  43  40  34  32  40  40  44 116 170 164 167
 134 161 162 164 168 132  95  64  60  72  94 155 167 164 162 165
 198 215 213 213 146 130 194 217 208 205 205 206 207 204 202 207
 176 207 206 166  50  49  47  99 174 194 203 203 203 201 201 203
 171 198 198 147  49  48  47  44  40  53 120 196 200 197 196 196
 171 194 193 142  42  45  88  50  45  45  43  59 168 194 193 194
 173 190 189 138  50  37 165 190 116  64  40  39  68 182 192 192
 173 188 185 173  41  40 164 189 189 191 110  38  41  70 188 190
 176 186 183 170  37  40 169 186 186 185 187 127  40  40 125 185
 153 186 183 169  35  36 172 186 186 186 184 187  81  41  62 189
 143 182 182 164  37  40 173 182 182 184 183 183 129  36  38 175
 145 181 181 153  37  43 139 181 181 182 181 179 137  41  36 166
 151 179 179 144  39  42 141 180 180 180 178 179 114  41  43 173
 151 180 180 134  42  41 147 180 180 179 179 168  54  42  67 176
 156 177 176 140  41  42 143 183 182 181 173  89  39  42 129 175
 160 175 177 148  37  40  45  66  80  66  45  42  36 101 174 172
 131 175 177 169  68  37  40  41  37  38  37  38 107 174 174 175
 134 174 174 176 180 141  92  61  53  64  91 159 173 173 172 174
 204 216 215 214 153 142 198 218 210 209 212 208 207 207 207 210
 183 210 209 176  67  65  69 120 180 196 207 207 208 206 203 206
 176 203 203 154  68  61  59  58  63  72 134 197 203 204 203 201
 178 196 194 153  68  56  89  62  64  62  64  85 178 198 200 199
 176 192 191 144  65  55 169 188 125  79  59  60  82 186 196 196
 177 189 188 173  60  61 176 193 191 190 123  58  61  90 194 192
 176 187 187 171  57  59 177 192 191 192 192 134  61  58 138 189
 157 185 185 172  57  53 180 188 188 189 188 190  95  58  74 191
 156 186 186 166  52  62 185 187 186 188 184 184 138  55  55 182
 158 186 186 165  57  64 151 183 183 185 184 182 146  61  51 172
 165 186 184 154  57  60 150 183 183 183 182 181 123  63  57 176
 164 183 181 143  60  53 153 182 182 180 181 173  73  57  80 179
 164 178 177 145  57  54 149 182 184 187 180 108  62  62 139 178
 176 180 180 153  54  56  68  92 107  93  73  58  51 113 176 183
 148 182 180 175  85  59  56  58  60  60  58  61 125 177 177 183
 150 180 181 179 182 141  99  74  72  76 104 167 184 184 181 178

 205 200 195 191 191 184 182 185 174 165 169 171 170 169 167 165
 203 200 197 195 189 189 130  64  41  37  41  71 135 170 164 162
 205 200 198 190 179  82  45  40  36  36  39  38  41 106 170 164
 207 202 194 169  72  44  46  77 121 126 103  45  35  35 116 167
 205 203 186  69  42  43 123 184 177 175 174 157  72  32  44 155
 205 197 119  47  47 113 183 184 178 177 177 177 161  42  40  94
 202 187  57  46  75 187 184 183 183 178 176 175 172  61  40  72
 203 167  47  52 117 186 183 183 181 178 176 175 171  76  32  60
 206 107  48  56 183 186 185 183 181 177 176 174 170  69  34  64
 188  52  48  89 166 170 172 176 176 141 144 150 141  43  40  95
 132  47  45  45  40  49  45  42  44  42  42  43  42  38  43 132
 142  53  55  50  52  49  41  41  39  37  39  45  40  40  69 168
 207 163 147 143 135 168 165 161 153 146 136 125 129 139 160 164
 211 203 198 190 188 184 181 177 177 177 177 174 169 170 170 162
 212 205 195 189 187 182 182 178 179 178 175 172 169 168 166 161
 199 181 176 175 177 175 176 153 145 148 151 152 155 159 134 134
 207 203 196 194 192 190 185 189 175 166 173 176 175 172 175 174
 202 201 196 193 192 188 125  62  38  36  43  67 129 174 174 172
 204 201 197 194 182  70  40  41  36  41  41  42  42 101 174 173
 207 203 200 168  68  41  40  81 129 137 114  54  39  36 107 173
 206 203 196  59  39  38 127 187 183 179 179 168  89  42  38 159
 205 203 120  43  40 110 187 184 183 181 178 179 173  45  37  91
 205 194  53  45  64 191 185 186 184 182 180 179 181  66  38  64
 208 174  40  45 116 189 186 186 182 181 180 180 182  80  37  53
 217  99  44  50 190 189 186 186 182 181 180 180 183  66  41  61
 194  47  47  88 165 164 169 172 173 139 141 147 143  45  40  92
 130  49  48  45  37  40  40  36  40  43  42  41  42  40  37 141
 146  50  49  42  50  41  37  35  37  37  39  42  41  37  68 180
 213 166 147 142 138 173 170 169 164 153 144 134 140 148 169 176
 213 206 198 193 189 185 183 183 182 181 179 180 176 177 177 174
 215 207 198 194 190 188 186 186 182 181 179 180 177 175 175 174
 198 176 171 171 173 173 176 153 143 145 151 151 156 160 131 134
 210 206 201 199 196 192 189 191 182 172 176 179 178 183 183 178
 207 203 203 200 196 194 138  74  55  51  57  80 139 176 177 181
 207 206 204 198 186  90  58  58  55  61  63  57  62 113 177 184
 207 208 203 178  82  61  61  95 138 146 123  73  62  51 125 184
 208 207 197  85  60  58 134 190 184 182 181 173 108  58  61 167
 212 207 134  64  59 123 192 188 184 184 182 181 180  73  58 104
 209 196  72  62  79 190 192 189 188 185 183 180 187  93  60  76
 210 180  63  64 125 191 191 188 186 183 183 182 184 107  60  72
 218 120  58  62 188 193 192 188 187 183 183 182 182  92  58  74
 198  69  59  89 169 176 177 180 185 151 150 153 149  68  56  99
 142  65  61  56  55  61  59  53  62  64  60  53  54  56  59 141
 153  67  68  68  65  60  57  57  52  57  57  60  57  54  85 182
 214 176 154 153 144 173 171 172 166 165 154 143 145 153 175 179
 215 209 203 194 191 188 187 185 186 186 184 181 177 180 180 181
 216 210 203 196 192 189 187 185 186 186 186 183 178 180 182 180
 204 183 176 178 176 177 176 157 156 158 165 164 164 176 148 150

 165 162 164 167 155  94  72  60  64  95 132 168 164 162 161 134
 167 164 170 116  44  40  40  32  34  40  43  69 160 170 166 134
 169 170 106  35  32  42  61  76  69  43  38  40 139 170 168 159
 170 135  41  35  72 161 172 171 170 141  42  40 129 169 169 155
 171  71  38  45 157 177 175 175 174 150  43  45 125 174 172 152
 169  41  39 103 174 177 176 176 176 144  42  39 136 177 175 151
 165  37  36 126 175 177 178 178 177 141  42  37 146 177 178 148
 174  41  36 121 177 178 183 181 181 176  44  39 153 177 179 145
 185  64  40  77 184 184 183 183 183 176  42  41 161 177 178 153
 182 130  45  46 123 183 184 183 185 172  45  41 165 181 182 176
 184 189  82  44  43 113 187 186 186 170  49  49 168 184 182 175
 191 189 179  72  42  47  75 117 183 166  40  52 135 188 187 177
 191 195 190 169  69  47  46  52  56  89  45  50 143 190 189 175
 195 197 198 194 186 119  57  47  48  48  45  55 147 198 195 176
 200 200 200 202 203 197 187 167 107  52  47  53 163 203 205 181
 205 203 205 207 205 205 202 203 206 188 132 142 207 211 212 199
 174 172 173 173 159  91  64  53  61  92 141 180 176 174 174 134
 175 174 174 107  38  37  38  37  41  40  37  68 169 177 175 131
 172 174 101  36  42  45  66  80  66  45  40  37 148 177 175 160
 175 129  42  39  89 173 181 182 183 143  42  41 140 176 177 156
 176  67  42  54 168 179 179 180 180 147  41  42 134 180 180 151
 173  43  41 114 179 178 180 180 180 141  42  39 144 179 179 151
 166  36  41 137 179 181 182 181 181 139  43  37 153 181 181 145
 175  38  36 129 183 183 184 182 182 173  40  37 164 182 182 143
 189  62  41  81 187 184 186 186 186 172  36  35 169 183 186 153
 185 125  40  40 127 187 185 186 186 169  40  37 170 183 186 176
 190 188  70  41  38 110 191 189 189 164  40  41 173 185 188 173
 192 192 182  68  39  40  64 116 190 165  37  50 138 189 190 173
 194 193 194 168  59  43  45  45  50  88  45  42 142 193 194 171
 196 196 197 200 196 120  53  40  44  47  48  49 147 198 198 171
 203 201 201 203 203 203 194 174  99  47  49  50 166 206 207 176
 207 202 204 207 206 205 205 208 217 194 130 146 213 213 215 198
 178 181 184 184 167 104  76  72  74  99 141 182 179 181 180 150
 183 177 177 125  61  58  60  60  58  56  59  85 175 180 182 148
 183 176 113  51  58  73  93 107  92  68  56  54 153 180 180 176
 178 139  62  62 108 180 187 184 182 149  54  57 145 177 178 164
 179  80  57  73 173 181 180 182 182 153  53  60 143 181 183 164
 176  57  63 123 181 182 183 183 183 150  60  57 154 184 186 165
 172  51  61 146 182 184 185 183 183 151  64  57 165 186 186 158
 182  55  55 138 184 184 188 186 187 185  62  52 166 186 186 156
 191  74  58  95 190 188 189 188 188 180  53  57 172 185 185 157
 189 138  58  61 134 192 192 191 192 177  59  57 171 187 187 176
 192 194  90  61  58 123 190 191 193 176  61  60 173 188 189 177
 196 196 186  82  60  59  79 125 188 169  55  65 144 191 192 176
 199 200 198 178  85  64  62  64  62  89  56  68 153 194 196 178
 201 203 204 203 197 134  72  63  58  59  61  68 154 203 203 176
 206 203 206 208 207 207 196 180 120  69  65  67 176 209 210 183
 210 207 207 207 208 212 209 210 218 198 142 153 214 215 216 204

 134 134 159 155 152 151 148 145 153 176 175 177 175 176 181 199
 161 166 168 169 172 175 178 179 178 182 182 187 189 195 205 212
 162 170 170 169 174 177 177 177 177 181 184 188 190 198 203 211
 164 160 139 129 125 136 146 153 161 165 168 135 143 147 163 207
 168  69  40  40  45  39  37  39  41  41  49  52  50  55  53 142
 132  43  38  42  43  42  42  44  42  45  49  40  45  45  47 132
  95  40  43 141 150 144 141 176 176 172 170 166  89  48  52 188
  64  34  69 170 174 176 177 181 183 185 186 183  56  48 107 206
  60  32  76 171 175 176 178 181 183 183 186 117  52  47 167 203
  72  40  61 172 175 176 178 183 183 184 187  75  46  57 187 202
  94  40  42 161 177 177 177 178 184 183 113  47  47 119 197 205
 155  44  32  72 157 174 175 177 184 123  43  42  69 186 203 205
 167 116  35  35  45 103 126 121  77  46  44  72 169 194 202 207
 164 170 106  41  38  39  36  36  40  45  82 179 190 198 200 205
 162 164 170 135  71  41  37  41  64 130 189 189 195 197 200 203
 165 167 169 170 171 169 165 174 185 182 184 191 191 195 200 205
 134 131 160 156 151 151 145 143 153 176 173 173 171 171 176 198
 174 175 175 177 180 179 181 182 186 186 188 190 194 198 207 215
 174 177 177 176 180 179 181 182 183 183 185 189 193 198 206 213
 176 169 148 140 134 144 153 164 169 170 173 138 142 147 166 213
 180  68  37  41  42  39  37  37  35  37  41  50  42  49  50 146
 141  37  40  42  41  42  43  40  36  40  40  37  45  48  49 130
  92  40  45 143 147 141 139 173 172 169 164 165  88  47  47 194
  61  41  66 183 180 180 181 182 186 186 189 190  50  44  99 217
  53  37  80 182 180 180 181 182 186 186 189 116  45  40 174 208
  64  38  66 181 179 180 182 184 186 185 191  64  45  53 194 205
  91  37  45 173 179 178 181 183 184 187 110  40  43 120 203 205
 159  38  42  89 168 179 179 183 187 127  38  39  59 196 203 206
 173 107  36  39  54 114 137 129  81  40  41  68 168 200 203 207
 173 174 101  42  42  41  41  36  41  40  70 182 194 197 201 204
 172 174 174 129  67  43  36  38  62 125 188 192 193 196 201 202
 174 175 172 175 176 173 166 175 189 185 190 192 194 196 203 207
 150 148 176 164 164 165 158 156 157 176 177 176 178 176 183 204
 180 182 180 178 183 186 186 186 185 187 189 192 196 203 210 216
 181 180 180 177 181 184 186 186 185 187 188 191 194 203 209 215
 179 175 153 145 143 154 165 166 172 171 173 144 153 154 176 214
 182  85  54  57  60  57  57  52  57  57  60  65  68  68  67 153
 141  59  56  54  53  60  64  62  53  59  61  55  56  61  65 142
  99  56  68 149 153 150 151 185 180 177 176 169  89  59  69 198
  74  58  92 182 182 183 183 187 188 192 193 188  62  58 120 218
  72  60 107 184 182 183 183 186 188 191 191 125  64  63 180 210
  76  60  93 187 180 183 185 188 189 192 190  79  62  72 196 209
 104  58  73 180 181 182 184 184 188 192 123  59  64 134 207 212
 167  61  58 108 173 181 182 184 190 134  58  60  85 197 207 208
 184 125  51  62  73 123 146 138  95  61  61  82 178 203 208 207
 184 177 113  62  57  63  61  55  58  58  90 186 198 204 206 207
 181 177 176 139  80  57  51  55  74 138 194 196 200 203 203 207
 178 183 183 178 179 176 172 182 191 189 192 196 199 201 206 210

