 157 162 167 170 167 166 160 150 144 141 146 158 161 163 161 139
 160 168 169 156  60  62  47  40  45  40  38  47  96 161 162 140
 161 170 171 126  47  39  42  36  40  35  33  39  44 155 166 142
 164 174 174 139  46  35 110 147 157 160 143 120 135 171 169 143
 163 174 172 152  39  41 169 172 172 174 170 169 168 171 172 144
 116 179 174 146  40  44 173 177 173 174 173 173 172 172 171 166
  72 171 176 149  46  45 162 163 143 127 108 107 165 176 172 166
  74 169 180 148  41  41  49  47  45  46  45  45 107 174 172 166
  99 174 182 144  43  43  49  52  45  53  67  87 154 174 173 170
 108 180 181 139  46  55 155 162 171 177 178 176 178 181 178 171
 108 183 183 132  45  63 188 181 181 181 181 181 180 180 179 169
 131 184 181 137  50  64 189 185 182 183 179 179 179 177 179 172
 176 184 185 142  55  57 177 179 166 162 161 159 180 179 179 170
 187 183 185 161  61  50  50  55  53  50  48  57 153 177 178 168
 189 186 184 183 113  60  47  42  43  48  45  56 158 179 177 166
 186 184 184 185 186 183 159 145 153 148 160 177 180 179 176 164
 145 155 156 159 156 160 152 139 134 130 138 153 157 154 153 128
 148 155 154 143  40  42  31  22  23  19  16  29  85 151 152 131
 152 156 157 109  25  25  23  18  20  19  20  24  24 142 152 132
 156 160 160 127  28  24  97 132 144 145 127 101 116 158 155 131
 153 162 162 142  25  32 155 161 159 156 157 157 157 157 155 129
  98 164 163 135  26  32 157 161 162 161 160 161 159 158 157 155
  44 154 164 138  25  34 152 148 137 120  97  92 156 157 158 157
  44 153 164 134  28  27  34  28  31  32  30  30  83 160 160 157
  69 157 165 129  27  28  30  27  26  29  36  55 133 162 158 158
  80 164 169 126  33  34 134 142 151 163 167 162 161 161 160 159
  81 168 169 119  31  45 175 171 167 166 164 162 161 162 161 157
 104 172 171 124  34  48 176 172 169 168 168 165 164 164 161 159
 168 175 171 129  37  45 174 173 157 155 150 145 165 164 161 158
 177 172 172 145  33  35  35  37  33  38  35  37 136 166 162 155
 182 176 174 173  93  43  30  30  29  29  26  34 136 167 165 155
 179 177 179 179 177 175 149 137 138 129 146 170 177 173 172 163
 126 137 137 140 137 139 132 122 116 113 121 134 136 131 130 110
 133 139 139 126  37  45  33  21  27  19  22  34  73 131 135 111
 137 141 141  91  20  19  25  15  16  14  20  25  24 125 136 111
 142 145 141 111  24  23  90 116 122 125 114  93 104 139 136 113
 138 145 143 125  24  26 136 145 144 143 142 142 142 139 141 116
  95 149 144 116  24  28 140 145 144 146 142 143 144 143 141 138
  48 144 145 119  24  31 131 128 120 110  89  91 145 145 138 137
  43 139 145 119  27  28  36  30  30  28  31  32  81 143 144 138
  63 139 147 118  27  31  32  29  26  30  41  51 119 144 142 143
  81 149 149 110  33  37 123 125 137 144 144 145 147 147 146 143
  83 152 150 108  32  43 158 153 152 152 146 146 148 148 148 144
 103 156 152 110  34  49 161 151 151 152 150 149 143 147 143 142
 154 157 157 118  39  45 155 152 139 138 135 133 149 147 147 139
 165 154 153 128  32  31  35  38  38  39  39  41 128 148 149 143
 167 158 153 153  77  39  31  30  31  34  31  35 126 149 150 142
 168 158 159 162 156 149 126 112 117 115 129 150 153 152 150 140

 139 140 142 143 144 166 166 166 170 171 169 172 170 168 166 164
 161 162 166 169 172 171 172 172 173 178 179 179 179 178 177 176
 163 161 155 171 171 172 176 174 174 181 180 177 179 177 179 179
 161  96  44 135 168 172 165 107 154 178 180 179 180 153 158 180
 158  47  39 120 169 173 107  45  87 176 181 179 159  57  56 177
 146  38  33 143 170 173 108  45  67 178 181 179 161  48  45 160
 141  40  35 160 174 174 127  46  53 177 181 183 162  50  48 148
 144  45  40 157 172 173 143  45  45 171 181 182 166  53  43 153
 150  40  36 147 172 177 163  47  52 162 181 185 179  55  42 145
 160  47  42 110 169 173 162  49  49 155 188 189 177  50  47 159
 166  62  39  35  41  44  45  41  43  55  63  64  57  50  60 183
 167  60  47  46  39  40  46  41  43  46  45  50  55  61 113 186
 170 156 126 139 152 146 149 148 144 139 132 137 142 161 183 185
 167 169 171 174 172 174 176 180 182 181 183 181 185 185 184 184
 162 168 170 174 174 179 171 169 174 180 183 184 184 183 186 184
 157 160 161 164 163 116  72  74  99 108 108 131 176 187 189 186
 128 131 132 131 129 155 157 157 158 159 157 159 158 155 155 163
 153 152 152 155 155 157 158 160 158 160 161 161 161 162 165 172
 154 151 142 158 157 158 157 160 162 161 162 164 164 166 167 173
 157  85  24 116 157 159 156  83 133 161 161 164 165 136 136 177
 153  29  24 101 157 161  92  30  55 162 162 165 145  37  34 170
 138  16  20 127 157 160  97  30  36 167 164 168 150  35  26 146
 130  19  19 145 156 161 120  32  29 163 166 168 155  38  29 129
 134  23  20 144 159 162 137  31  26 151 167 169 157  33  29 138
 139  22  18 132 161 161 148  28  27 142 171 172 173  37  30 137
 152  31  23  97 155 157 152  34  30 134 175 176 174  35  30 149
 160  42  25  24  32  32  34  27  28  34  45  48  45  35  43 175
 156  40  25  28  25  26  25  28  27  33  31  34  37  33  93 177
 159 143 109 127 142 135 138 134 129 126 119 124 129 145 173 179
 156 154 157 160 162 163 164 164 165 169 169 171 171 172 174 179
 155 155 156 160 162 164 154 153 157 164 168 172 175 172 176 177
 145 148 152 156 153  98  44  44  69  80  81 104 168 177 182 179
 110 111 111 113 116 138 137 138 143 143 144 142 139 143 142 140
 130 135 136 136 141 141 138 144 142 146 148 143 147 149 150 150
 131 131 125 139 139 143 145 143 144 147 148 147 147 148 149 152
 136  73  24 104 142 144 145  81 119 147 148 143 149 128 126 153
 134  34  25  93 142 143  91  32  51 145 146 149 133  41  35 150
 121  22  20 114 142 142  89  31  41 144 146 150 135  39  31 129
 113  19  14 125 143 146 110  28  30 144 152 152 138  39  34 115
 116  27  16 122 144 144 120  30  26 137 152 151 139  38  31 117
 122  21  15 116 145 145 128  30  29 125 153 151 152  38  30 112
 132  33  25  90 136 140 131  36  32 123 158 161 155  35  31 126
 139  45  19  23  26  28  31  28  31  37  43  49  45  31  39 149
 137  37  20  24  24  24  24  27  27  33  32  34  39  32  77 156
 140 126  91 111 125 116 119 119 118 110 108 110 118 128 153 162
 137 139 141 141 143 144 145 145 147 149 150 152 157 153 153 159
 137 139 141 145 145 149 144 139 139 149 152 156 157 154 158 158
 126 133 137 142 138  95  48  43  63  81  83 103 154 165 167 168

 164 176 179 180 177 160 148 153 145 159 183 186 185 184 184 186
 166 177 179 158  56  45  48  43  42  47  60 113 183 184 186 189
 168 178 177 153  57  48  50  53  55  50  50  61 161 185 183 187
 170 179 179 180 159 161 162 166 179 177  57  55 142 185 184 176
 172 179 177 179 179 179 183 182 185 189  64  50 137 181 184 131
 169 179 180 180 181 181 181 181 181 188  63  45 132 183 183 108
 171 178 181 178 176 178 177 171 162 155  55  46 139 181 180 108
 170 173 174 154  87  67  53  45  52  49  43  43 144 182 174  99
 166 172 174 107  45  45  46  45  47  49  41  41 148 180 169  74
 166 172 176 165 107 108 127 143 163 162  45  46 149 176 171  72
 166 171 172 172 173 173 174 173 177 173  44  40 146 174 179 116
 144 172 171 168 169 170 174 172 172 169  41  39 152 172 174 163
 143 169 171 135 120 143 160 157 147 110  35  46 139 174 174 164
 142 166 155  44  39  33  35  40  36  42  39  47 126 171 170 161
 140 162 161  96  47  38  40  45  40  47  62  60 156 169 168 160
 139 161 163 161 158 146 141 144 150 160 166 167 170 167 162 157
 163 172 173 177 170 146 129 138 137 149 175 177 179 179 177 179
 155 165 167 136  34  26  29  29  30  30  43  93 173 174 176 182
 155 162 166 136  37  35  38  33  37  35  35  33 145 172 172 177
 158 161 164 165 145 150 155 157 173 174  45  37 129 171 175 168
 159 161 164 164 165 168 168 169 172 176  48  34 124 171 172 104
 157 161 162 161 162 164 166 167 171 175  45  31 119 169 168  81
 159 160 161 161 162 167 163 151 142 134  34  33 126 169 164  80
 158 158 162 133  55  36  29  26  27  30  28  27 129 165 157  69
 157 160 160  83  30  30  32  31  28  34  27  28 134 164 153  44
 157 158 157 156  92  97 120 137 148 152  34  25 138 164 154  44
 155 157 158 159 161 160 161 162 161 157  32  26 135 163 164  98
 129 155 157 157 157 157 156 159 161 155  32  25 142 162 162 153
 131 155 158 116 101 127 145 144 132  97  24  28 127 160 160 156
 132 152 142  24  24  20  19  20  18  23  25  25 109 157 156 152
 131 152 151  85  29  16  19  23  22  31  42  40 143 154 155 148
 128 153 154 157 153 138 130 134 139 152 160 156 159 156 155 145
 140 150 152 153 150 129 115 117 112 126 149 156 162 159 158 168
 142 150 149 126  35  31  34  31  30  31  39  77 153 153 158 167
 143 149 148 128  41  39  39  38  38  35  31  32 128 153 154 165
 139 147 147 149 133 135 138 139 152 155  45  39 118 157 157 154
 142 143 147 143 149 150 152 151 151 161  49  34 110 152 156 103
 144 148 148 148 146 146 152 152 153 158  43  32 108 150 152  83
 143 146 147 147 145 144 144 137 125 123  37  33 110 149 149  81
 143 142 144 119  51  41  30  26  29  32  31  27 118 147 139  63
 138 144 143  81  32  31  28  30  30  36  28  27 119 145 139  43
 137 138 145 145  91  89 110 120 128 131  31  24 119 145 144  48
 138 141 143 144 143 142 146 144 145 140  28  24 116 144 149  95
 116 141 139 142 142 142 143 144 145 136  26  24 125 143 145 138
 113 136 139 104  93 114 125 122 116  90  23  24 111 141 145 142
 111 136 125  24  25  20  14  16  15  25  19  20  91 141 141 137
 111 135 131  73  34  22  19  27  21  33  45  37 126 139 139 133
 110 130 131 136 134 121 113 116 122 132 139 137 140 137 137 126

 186 189 187 176 131 108 108  99  74  72 116 163 164 161 160 157
 184 186 183 184 184 183 180 174 169 171 179 174 174 170 168 162
 184 184 185 185 181 183 181 182 180 176 174 172 174 171 169 167
 185 183 161 142 137 132 139 144 148 149 146 152 139 126 156 170
 186 113  61  55  50  45  46  43  41  46  40  39  46  47  60 167
 183  60  50  57  64  63  55  43  41  45  44  41  35  39  62 166
 159  47  50 177 189 188 155  49  49 162 173 169 110  42  47 160
 145  42  55 179 185 181 162  52  47 163 177 172 147  36  40 150
 153  43  53 166 182 181 171  45  45 143 173 172 157  40  45 144
 148  48  50 162 183 181 177  53  46 127 174 174 160  35  40 141
 160  45  48 161 179 181 178  67  45 108 173 170 143  33  38 146
 177  56  57 159 179 181 176  87  45 107 173 169 120  39  47 158
 180 158 153 180 179 180 178 154 107 165 172 168 135  44  96 161
 179 179 177 179 177 180 181 174 174 176 172 171 171 155 161 163
 176 177 178 179 179 179 178 173 172 172 171 172 169 166 162 161
 164 166 168 170 172 169 171 170 166 166 166 144 143 142 140 139
 179 182 177 168 104  81  80  69  44  44  98 153 156 152 148 145
 177 176 172 175 172 168 164 157 153 154 164 162 160 156 155 155
 179 174 172 171 171 169 169 165 164 164 163 162 160 157 154 156
 179 173 145 129 124 119 126 129 134 138 135 142 127 109 143 159
 177  93  33  37  34  31  33  27  28  25  26  25  28  25  40 156
 175  43  35  45  48  45  34  28  27  34  32  32  24  25  42 160
 149  30  35 174 176 175 134  30  34 152 157 155  97  23  31 152
 137  30  37 173 172 171 142  27  28 148 161 161 132  18  22 139
 138  29  33 157 169 167 151  26  31 137 162 159 144  20  23 134
 129  29  38 155 168 166 163  29  32 120 161 156 145  19  19 130
 146  26  35 150 168 164 167  36  30  97 160 157 127  20  16 138
 170  34  37 145 165 162 162  55  30  92 161 157 101  24  29 153
 177 136 136 165 164 161 161 133  83 156 159 157 116  24  85 157
 173 167 166 164 164 162 161 162 160 157 158 157 158 142 151 154
 172 165 162 161 161 161 160 158 160 158 157 155 155 152 152 153
 163 155 155 158 159 157 159 158 157 157 155 129 131 132 131 128
 168 167 165 154 103  83  81  63  43  48  95 138 142 137 133 126
 158 158 154 157 156 152 149 139 139 144 149 145 145 141 139 137
 159 153 153 157 152 150 149 147 145 145 144 143 141 141 139 137
 162 153 128 118 110 108 110 118 119 119 116 125 111  91 126 140
 156  77  32  39  34  32  33  27  27  24  24  24  24  20  37 137
 149  39  31  45  49  43  37  31  28  31  28  26  23  19  45 139
 126  31  35 155 161 158 123  32  36 131 140 136  90  25  33 132
 112  30  38 152 151 153 125  29  30 128 145 145 116  15  21 122
 117  31  38 139 151 152 137  26  30 120 144 144 122  16  27 116
 115  34  39 138 152 152 144  30  28 110 146 143 125  14  19 113
 129  31  39 135 150 146 144  41  31  89 142 142 114  20  22 121
 150  35  41 133 149 146 145  51  32  91 143 142  93  25  34 134
 153 126 128 149 143 148 147 119  81 145 144 142 104  24  73 136
 152 149 148 147 147 148 147 144 143 145 143 139 139 125 131 131
 150 150 149 147 143 148 146 142 144 138 141 141 136 136 135 130
 140 142 143 139 142 144 143 143 138 137 138 116 113 111 111 110

