 156 191 188 182 180 145 134 118 104  97  99 111 138 160 161 143
 155 185 184 181 163  39  41  39  37  38  40  39  41  77 148 154
 174 183 181 177 159  37  34  37  52  68  69  57  43  41 130 161
 160 183 183 174 134  34  37 133 167 170 169 164 149 121 166 146
 149 180 178 174 142  33  37 154 167 166 166 165 165 164 162 142
 131 179 177 172 149  38  38 144 161 155 155 159 160 160 162 150
 116 178 172 170 158  38  38  66  53  45  49  51  66 151 158 150
 138 174 172 168 151  35  33  39  34  39  42  42  39 136 159 142
 133 172 170 165 132  32  33  54  91 110 112 104 118 164 161 143
 117 165 166 165 138  31  36 147 162 162 162 160 165 164 160 149
 111 166 167 164 138  30  37 146 163 164 163 162 163 162 159 147
 103 164 166 162 146  37  41 143 165 162 161 162 161 162 158 139
 123 165 163 163 134  38  40 142 162 164 162 159 160 159 155 131
 127 162 164 159 125  31  38 156 162 162 160 159 158 159 157 133
 120 161 163 158 127  31  39 157 163 160 160 159 159 156 154 135
 117 156 158 155 140  62  86 159 158 156 157 154 155 155 153 118
 153 188 186 183 182 151 142 129 111 100 102 117 145 169 161 144
 149 184 182 178 166  44  35  33  36  37  36  35  33  73 148 154
 163 182 181 177 163  44  32  29  34  50  53  41  29  34 121 156
 149 179 179 174 140  37  30 125 164 169 168 164 151 112 159 146
 137 179 177 173 148  39  34 146 165 164 164 164 164 163 162 148
 119 178 176 170 153  37  34 136 165 163 165 166 168 163 160 152
 110 177 172 169 158  35  34  63  59  46  43  46  61 149 159 155
 131 173 169 166 153  42  31  35  32  38  35  35  36 126 158 142
 121 170 169 166 137  40  33  50  84 100 102  91 101 155 159 144
 112 168 166 162 141  37  34 146 163 163 163 162 161 161 160 152
 104 165 164 163 146  36  31 138 163 163 163 161 161 161 159 154
  97 164 164 163 148  34  31 134 164 162 162 164 161 159 156 140
 116 163 164 162 137  42  36 137 161 162 162 160 160 159 157 138
 124 163 164 159 128  36  40 151 161 162 158 159 160 159 157 140
 114 160 162 160 132  35  36 145 160 160 159 157 159 154 151 139
 109 159 162 162 152  66  84 155 160 158 157 156 157 154 155 124
 150 183 185 179 177 144 139 132 119 105 108 119 144 168 157 138
 149 184 183 178 168  60  61  63  61  55  53  52  58  90 153 160
 165 183 181 177 169  60  51  55  63  77  67  53  46  48 124 162
 153 183 182 175 148  60  57 137 166 169 168 168 155 116 161 158
 145 182 182 178 153  59  48 150 169 168 168 168 165 163 162 152
 133 179 180 176 158  52  45 135 171 168 167 167 165 165 170 161
 118 177 176 175 166  59  48  73  77  65  67  70  80 158 162 159
 139 176 177 173 165  65  51  50  48  52  51  54  48 133 159 147
 127 171 173 168 145  51  48  67  91 103 107  96 110 158 162 153
 120 170 169 170 156  57  46 147 160 164 164 161 165 166 161 152
 110 171 174 170 155  57  51 145 164 165 165 164 166 164 160 155
 115 172 171 169 161  62  50 138 166 166 164 164 163 166 157 146
 132 170 169 164 147  71  59 141 164 167 168 163 165 163 158 141
 124 165 165 163 135  53  54 154 165 167 167 165 164 161 160 149
 127 166 166 160 139  49  45 151 162 162 165 164 161 161 161 148
 119 161 169 166 154  80  94 156 166 164 162 161 162 162 161 134

 143 154 161 146 142 150 150 142 143 149 147 139 131 133 135 118
 161 148 130 166 162 162 158 159 161 160 159 158 155 157 154 153
 160  77  41 121 164 160 151 136 164 164 162 162 159 159 156 155
 138  41  43 149 165 160  66  39 118 165 163 161 160 158 159 155
 111  39  57 164 165 159  51  42 104 160 162 162 159 159 159 154
  99  40  69 169 166 155  49  42 112 162 163 161 162 160 160 157
  97  38  68 170 166 155  45  39 110 162 164 162 164 162 160 156
 104  37  52 167 167 161  53  34  91 162 163 165 162 162 163 158
 118  39  37 133 154 144  66  39  54 147 146 143 142 156 157 159
 134  41  34  37  37  38  38  33  33  36  37  41  40  38  39  86
 145  39  37  34  33  38  38  35  32  31  30  37  38  31  31  62
 180 163 159 134 142 149 158 151 132 138 138 146 134 125 127 140
 182 181 177 174 174 172 170 168 165 165 164 162 163 159 158 155
 188 184 181 183 178 177 172 172 170 166 167 166 163 164 163 158
 191 185 183 183 180 179 178 174 172 165 166 164 165 162 161 156
 156 155 174 160 149 131 116 138 133 117 111 103 123 127 120 117
 144 154 156 146 148 152 155 142 144 152 154 140 138 140 139 124
 161 148 121 159 162 160 159 158 159 160 159 156 157 157 151 155
 169  73  34 112 163 163 149 126 155 161 161 159 159 159 154 154
 145  33  29 151 164 168  61  36 101 161 161 161 160 160 159 157
 117  35  41 164 164 166  46  35  91 162 161 164 160 159 157 156
 102  36  53 168 164 165  43  35 102 163 163 162 162 158 159 157
 100  37  50 169 164 163  46  38 100 163 163 162 162 162 160 158
 111  36  34 164 165 165  59  32  84 163 163 164 161 161 160 160
 129  33  29 125 146 136  63  35  50 146 138 134 137 151 145 155
 142  35  32  30  34  34  34  31  33  34  31  31  36  40  36  84
 151  44  44  37  39  37  35  42  40  37  36  34  42  36  35  66
 182 166 163 140 148 153 158 153 137 141 146 148 137 128 132 152
 183 178 177 174 173 170 169 166 166 162 163 163 162 159 160 162
 186 182 181 179 177 176 172 169 169 166 164 164 164 164 162 162
 188 184 182 179 179 178 177 173 170 168 165 164 163 163 160 159
 153 149 163 149 137 119 110 131 121 112 104  97 116 124 114 109
 138 160 162 158 152 161 159 147 153 152 155 146 141 149 148 134
 157 153 124 161 162 170 162 159 162 161 160 157 158 160 161 161
 168  90  48 116 163 165 158 133 158 166 164 166 163 161 161 162
 144  58  46 155 165 165  80  48 110 165 166 163 165 164 161 162
 119  52  53 168 168 167  70  54  96 161 164 164 163 165 164 161
 108  53  67 168 168 167  67  51 107 164 165 164 168 167 165 162
 105  55  77 169 168 168  65  52 103 164 165 166 167 167 162 164
 119  61  63 166 169 171  77  48  91 160 164 166 164 165 162 166
 132  63  55 137 150 135  73  50  67 147 145 138 141 154 151 156
 139  61  51  57  48  45  48  51  48  46  51  50  59  54  45  94
 144  60  60  60  59  52  59  65  51  57  57  62  71  53  49  80
 177 168 169 148 153 158 166 165 145 156 155 161 147 135 139 154
 179 178 177 175 178 176 175 173 168 170 170 169 164 163 160 166
 185 183 181 182 182 180 176 177 173 169 174 171 169 165 166 169
 183 184 183 183 182 179 177 176 171 170 171 172 170 165 166 161
 150 149 165 153 145 133 118 139 127 120 110 115 132 124 127 119

 118 153 155 155 154 157 156 158 159  86  62 140 155 158 156 117
 135 154 156 159 159 160 160 163 157  39  31 127 158 163 161 120
 133 157 159 158 159 160 162 162 156  38  31 125 159 164 162 127
 131 155 159 160 159 162 164 162 142  40  38 134 163 163 165 123
 139 158 162 161 162 161 162 165 143  41  37 146 162 166 164 103
 147 159 162 163 162 163 164 163 146  37  30 138 164 167 166 111
 149 160 164 165 160 162 162 162 147  36  31 138 165 166 165 117
 143 161 164 118 104 112 110  91  54  33  32 132 165 170 172 133
 142 159 136  39  42  42  39  34  39  33  35 151 168 172 174 138
 150 158 151  66  51  49  45  53  66  38  38 158 170 172 178 116
 150 162 160 160 159 155 155 161 144  38  38 149 172 177 179 131
 142 162 164 165 165 166 166 167 154  37  33 142 174 178 180 149
 146 166 121 149 164 169 170 167 133  37  34 134 174 183 183 160
 161 130  41  43  57  69  68  52  37  34  37 159 177 181 183 174
 154 148  77  41  39  40  38  37  39  41  39 163 181 184 185 155
 143 161 160 138 111  99  97 104 118 134 145 180 182 188 191 156
 124 155 154 157 156 157 158 160 155  84  66 152 162 162 159 109
 139 151 154 159 157 159 160 160 145  36  35 132 160 162 160 114
 140 157 159 160 159 158 162 161 151  40  36 128 159 164 163 124
 138 157 159 160 160 162 162 161 137  36  42 137 162 164 163 116
 140 156 159 161 164 162 162 164 134  31  34 148 163 164 164  97
 154 159 161 161 161 163 163 163 138  31  36 146 163 164 165 104
 152 160 161 161 162 163 163 163 146  34  37 141 162 166 168 112
 144 159 155 101  91 102 100  84  50  33  40 137 166 169 170 121
 142 158 126  36  35  35  38  32  35  31  42 153 166 169 173 131
 155 159 149  61  46  43  46  59  63  34  35 158 169 172 177 110
 152 160 163 168 166 165 163 165 136  34  37 153 170 176 178 119
 148 162 163 164 164 164 164 165 146  34  39 148 173 177 179 137
 146 159 112 151 164 168 169 164 125  30  37 140 174 179 179 149
 156 121  34  29  41  53  50  34  29  32  44 163 177 181 182 163
 154 148  73  33  35  36  37  36  33  35  44 166 178 182 184 149
 144 161 169 145 117 102 100 111 129 142 151 182 183 186 188 153
 134 161 162 162 161 162 164 166 156  94  80 154 166 169 161 119
 148 161 161 161 164 165 162 162 151  45  49 139 160 166 166 127
 149 160 161 164 165 167 167 165 154  54  53 135 163 165 165 124
 141 158 163 165 163 168 167 164 141  59  71 147 164 169 170 132
 146 157 166 163 164 164 166 166 138  50  62 161 169 171 172 115
 155 160 164 166 164 165 165 164 145  51  57 155 170 174 171 110
 152 161 166 165 161 164 164 160 147  46  57 156 170 169 170 120
 153 162 158 110  96 107 103  91  67  48  51 145 168 173 171 127
 147 159 133  48  54  51  52  48  50  51  65 165 173 177 176 139
 159 162 158  80  70  67  65  77  73  48  59 166 175 176 177 118
 161 170 165 165 167 167 168 171 135  45  52 158 176 180 179 133
 152 162 163 165 168 168 168 169 150  48  59 153 178 182 182 145
 158 161 116 155 168 168 169 166 137  57  60 148 175 182 183 153
 162 124  48  46  53  67  77  63  55  51  60 169 177 181 183 165
 160 153  90  58  52  53  55  61  63  61  60 168 178 183 184 149
 138 157 168 144 119 108 105 119 132 139 144 177 179 185 183 150

 117 120 127 123 103 111 117 133 138 116 131 149 160 174 155 156
 156 161 162 165 164 166 165 172 174 178 179 180 183 183 185 191
 158 163 164 163 166 167 166 170 172 172 177 178 183 181 184 188
 155 158 159 163 162 164 165 165 168 170 172 174 174 177 181 182
 140 127 125 134 146 138 138 132 151 158 149 142 134 159 163 180
  62  31  31  38  37  30  31  32  35  38  38  33  34  37  39 145
  86  39  38  40  41  37  36  33  33  38  38  37  37  34  41 134
 159 157 156 142 143 146 147  54  39  66 144 154 133  37  39 118
 158 163 162 162 165 163 162  91  34  53 161 167 167  52  37 104
 156 160 162 164 162 164 162 110  39  45 155 166 170  68  38  97
 157 160 160 162 161 163 162 112  42  49 155 166 169  69  40  99
 154 159 159 159 162 162 160 104  42  51 159 165 164  57  39 111
 155 159 158 160 161 163 165 118  39  66 160 165 149  43  41 138
 155 156 159 159 162 162 164 164 136 151 160 164 121  41  77 160
 153 154 157 155 158 159 160 161 159 158 162 162 166 130 148 161
 118 135 133 131 139 147 149 143 142 150 150 142 146 161 154 143
 109 114 124 116  97 104 112 121 131 110 119 137 149 163 149 153
 159 160 163 163 164 165 168 170 173 177 178 179 179 182 184 188
 162 162 164 164 164 164 166 169 169 172 176 177 179 181 182 186
 162 160 159 162 163 163 162 166 166 169 170 173 174 177 178 183
 152 132 128 137 148 146 141 137 153 158 153 148 140 163 166 182
  66  35  36  42  34  36  37  40  42  35  37  39  37  44  44 151
  84  36  40  36  31  31  34  33  31  34  34  34  30  32  35 142
 155 145 151 137 134 138 146  50  35  63 136 146 125  29  33 129
 160 160 161 161 164 163 163  84  32  59 165 165 164  34  36 111
 158 160 162 162 162 163 163 100  38  46 163 164 169  50  37 100
 157 159 158 162 162 163 163 102  35  43 165 164 168  53  36 102
 156 157 159 160 164 161 162  91  35  46 166 164 164  41  35 117
 157 159 160 160 161 161 161 101  36  61 168 164 151  29  33 145
 154 154 159 159 159 161 161 155 126 149 163 163 112  34  73 169
 155 151 157 157 156 159 160 159 158 159 160 162 159 121 148 161
 124 139 140 138 140 154 152 144 142 155 152 148 146 156 154 144
 119 127 124 132 115 110 120 127 139 118 133 145 153 165 149 150
 161 166 165 170 172 171 170 171 176 177 179 182 183 183 184 183
 169 166 165 169 171 174 169 173 177 176 180 182 182 181 183 185
 166 160 163 164 169 170 170 168 173 175 176 178 175 177 178 179
 154 139 135 147 161 155 156 145 165 166 158 153 148 169 168 177
  80  49  53  71  62  57  57  51  65  59  52  59  60  60  60 144
  94  45  54  59  50  51  46  48  51  48  45  48  57  51  61 139
 156 151 154 141 138 145 147  67  50  73 135 150 137  55  63 132
 166 162 165 164 166 164 160  91  48  77 171 169 166  63  61 119
 164 162 167 167 166 165 164 103  52  65 168 168 169  77  55 105
 162 165 167 168 164 165 164 107  51  67 167 168 168  67  53 108
 161 164 165 163 164 164 161  96  54  70 167 168 168  53  52 119
 162 161 164 165 163 166 165 110  48  80 165 165 155  46  58 144
 162 161 161 163 166 164 166 158 133 158 165 163 116  48  90 168
 161 161 160 158 157 160 161 162 159 162 170 162 161 124 153 157
 134 148 149 141 146 155 152 153 147 159 161 152 158 162 160 138

