 152 187 184 184 185 185 182 180 182 180 180 180 180 176 176 166
 147 185 182 182 181 180 176 130  90  88 126 168 175 173 173 171
 141 185 182 181 181 178 107  31  36  40  42  53 111 174 174 170
 132 183 181 180 179 128  33  33  50  76  54  39  46 177 175 170
 125 181 178 176 162  41  34  71 173 179 165 112 125 181 174 172
 121 179 176 176  98  28  49 173 178 176 173 174 172 173 171 169
 117 178 175 169  42  31 125 173 173 173 172 170 169 170 170 169
 114 175 172 136  28  42 177 171 164 149 138 128 125 137 165 166
 110 173 172 103  33  76 167 110  70  41  32  30  39  42 139 165
 108 168 166  78  38 101  90  34  36  35  27  31  32  35 153 168
 111 167 165  69  37 111 107  55  85 113 142  54  35  59 168 167
 108 164 161  75  34 104 165 165 164 160 110  28  33 128 169 166
 106 165 161  93  35  65 154 158 146 101  35  31  80 172 166 160
 109 164 163 134  45  38  39  44  35  31  30  62 159 163 161 158
 114 164 164 164  99  42  37  34  40  51 106 160 159 159 159 152
 117 160 162 159 157 143 112 109 123 145 158 157 154 153 150 150
 146 187 186 186 185 186 183 181 183 184 183 182 181 176 177 170
 140 183 183 182 180 178 175 137  93  91 128 172 176 171 173 173
 129 181 181 181 180 179 114  38  40  36  35  45 101 173 172 172
 124 180 180 179 177 135  40  34  45  69  45  33  37 165 171 171
 116 178 177 176 164  48  37  60 163 178 167 104 106 168 170 170
 110 174 175 175 105  36  42 167 173 174 170 171 171 171 169 170
 107 173 173 171  42  34 119 171 171 172 171 170 168 170 170 169
 108 173 173 144  34  41 169 171 169 159 148 139 132 141 168 167
 105 171 172 107  35  71 165 116  73  42  39  31  34  35 130 166
 104 169 168  79  33  94  88  32  28  32  29  30  30  29 140 166
 107 167 167  68  31 105 104  43  72 108 138  54  36  56 165 164
 107 167 166  80  32  99 166 168 164 164 122  35  30 118 163 164
 104 166 167 103  38  57 155 165 156 118  45  35  69 161 163 162
 107 163 162 135  36  36  32  39  41  37  31  56 154 160 160 160
 108 162 161 161  96  30  28  26  34  40  92 154 159 157 158 158
 115 162 162 160 159 147 114 103 112 136 157 157 158 160 158 159
 149 186 185 184 183 182 177 174 178 181 178 174 174 171 169 162
 145 184 183 182 182 179 180 152 115 102 135 172 175 171 173 174
 135 181 182 181 181 178 124  64  60  51  53  59 111 174 172 174
 126 179 180 179 177 141  63  52  62  80  62  52  56 168 172 172
 119 179 177 176 167  65  45  66 160 170 165 115 120 174 176 171
 118 179 180 180 122  55  61 165 171 175 174 175 173 174 175 171
 119 179 180 180  71  55 128 171 173 174 173 170 168 169 171 170
 115 174 173 152  58  59 168 172 172 163 154 144 136 148 169 169
 112 174 174 117  51  80 166 131  94  61  57  52  51  48 134 167
 110 171 171  93  53 106 104  56  52  50  41  49  47  42 141 169
 109 168 169  82  49 111 114  61  79 108 140  67  46  60 164 167
 112 171 173  88  45 105 166 164 166 168 133  60  41 119 168 168
 108 167 170 107  43  66 158 165 156 125  69  55  79 162 166 166
 114 165 169 146  55  47  52  64  58  56  51  67 153 159 160 160
 123 168 170 173 112  50  55  52  56  59  98 154 161 163 160 158
 122 165 167 168 164 145 115 109 115 137 158 158 161 164 160 159

 166 171 170 170 172 169 169 166 165 168 167 166 160 158 152 150
 176 173 174 175 174 171 170 165 139 153 168 169 166 161 159 150
 176 173 174 177 181 173 170 137  42  35  59 128 172 163 159 153
 180 175 111  46 125 172 169 125  39  32  35  33  80 159 159 154
 180 168  53  39 112 174 170 128  30  31  54  28  31  62 160 157
 180 126  42  54 165 173 172 138  32  27 142 110  35  30 106 158
 180  88  40  76 179 176 173 149  41  35 113 160 101  31  51 145
 182  90  36  50 173 178 173 164  70  36  85 164 146  35  40 123
 180 130  31  33  71 173 173 171 110  34  55 165 158  44  34 109
 182 176 107  33  34  49 125 177 167  90 107 165 154  39  37 112
 185 180 178 128  41  28  31  42  76 101 111 104  65  38  42 143
 185 181 181 179 162  98  42  28  33  38  37  34  35  45  99 157
 184 182 181 180 176 176 169 136 103  78  69  75  93 134 164 159
 184 182 182 181 178 176 175 172 172 166 165 161 161 163 164 162
 187 185 185 183 181 179 178 175 173 168 167 164 165 164 164 160
 152 147 141 132 125 121 117 114 110 108 111 108 106 109 114 117
 170 173 172 171 170 170 169 167 166 166 164 164 162 160 158 159
 177 173 172 171 170 169 170 168 130 140 165 163 163 160 158 158
 176 171 173 165 168 171 170 141  35  29  56 118 161 160 157 160
 181 176 101  37 106 171 168 132  34  30  36  30  69 154 159 158
 182 172  45  33 104 171 170 139  31  30  54  35  35  56 154 157
 183 128  35  45 167 170 171 148  39  29 138 122  45  31  92 157
 184  91  36  69 178 174 172 159  42  32 108 164 118  37  40 136
 183  93  40  45 163 173 171 169  73  28  72 164 156  41  34 112
 181 137  38  34  60 167 171 171 116  32  43 168 165  39  26 103
 183 175 114  40  37  42 119 169 165  88 104 166 155  32  28 114
 186 178 179 135  48  36  34  41  71  94 105  99  57  36  30 147
 185 180 180 177 164 105  42  34  35  33  31  32  38  36  96 159
 186 182 181 179 176 175 171 144 107  79  68  80 103 135 161 160
 186 183 181 180 177 175 173 173 172 168 167 166 167 162 161 162
 187 183 181 180 178 174 173 173 171 169 167 167 166 163 162 162
 146 140 129 124 116 110 107 108 105 104 107 107 104 107 108 115
 162 174 174 172 171 171 170 169 167 169 167 168 166 160 158 159
 169 173 172 172 176 175 171 169 134 141 164 168 166 160 160 160
 171 171 174 168 174 174 169 148  48  42  60 119 162 159 163 164
 174 175 111  56 120 173 168 136  51  47  46  41  79 153 161 161
 174 172  59  52 115 175 170 144  52  49  67  60  55  67 154 158
 178 135  53  62 165 174 173 154  57  41 140 133  69  51  98 158
 181 102  51  80 170 175 174 163  61  50 108 168 125  56  59 137
 178 115  60  62 160 171 173 172  94  52  79 166 156  58  56 115
 174 152  64  52  66 165 171 172 131  56  61 164 165  64  52 109
 177 180 124  63  45  61 128 168 166 104 114 166 158  52  55 115
 182 179 178 141  65  55  55  59  80 106 111 105  66  47  50 145
 183 182 181 177 167 122  71  58  51  53  49  45  43  55 112 164
 184 182 181 179 176 180 180 152 117  93  82  88 107 146 173 168
 185 183 182 180 177 180 180 173 174 171 169 173 170 169 170 167
 186 184 181 179 179 179 179 174 174 171 168 171 167 165 168 165
 149 145 135 126 119 118 119 115 112 110 109 112 108 114 123 122

 150 150 153 154 157 158 145 123 109 112 143 157 159 162 160 117
 152 159 159 159 160 106  51  40  34  37  42  99 164 164 164 114
 158 161 163 159  62  30  31  35  44  39  38  45 134 163 164 109
 160 166 172  80  31  35 101 146 158 154  65  35  93 161 165 106
 166 169 128  33  28 110 160 164 165 165 104  34  75 161 164 108
 167 168  59  35  54 142 113  85  55 107 111  37  69 165 167 111
 168 153  35  32  31  27  35  36  34  90 101  38  78 166 168 108
 165 139  42  39  30  32  41  70 110 167  76  33 103 172 173 110
 166 165 137 125 128 138 149 164 171 177  42  28 136 172 175 114
 169 170 170 169 170 172 173 173 173 125  31  42 169 175 178 117
 169 171 173 172 174 173 176 178 173  49  28  98 176 176 179 121
 172 174 181 125 112 165 179 173  71  34  41 162 176 178 181 125
 170 175 177  46  39  54  76  50  33  33 128 179 180 181 183 132
 170 174 174 111  53  42  40  36  31 107 178 181 181 182 185 141
 171 173 173 175 168 126  88  90 130 176 180 181 182 182 185 147
 166 176 176 180 180 180 180 182 180 182 185 185 184 184 187 152
 159 158 160 158 157 157 136 112 103 114 147 159 160 162 162 115
 158 158 157 159 154  92  40  34  26  28  30  96 161 161 162 108
 160 160 160 154  56  31  37  41  39  32  36  36 135 162 163 107
 162 163 161  69  35  45 118 156 165 155  57  38 103 167 166 104
 164 163 118  30  35 122 164 164 168 166  99  32  80 166 167 107
 164 165  56  36  54 138 108  72  43 104 105  31  68 167 167 107
 166 140  29  30  30  29  32  28  32  88  94  33  79 168 169 104
 166 130  35  34  31  39  42  73 116 165  71  35 107 172 171 105
 167 168 141 132 139 148 159 169 171 169  41  34 144 173 173 108
 169 170 170 168 170 171 172 171 171 119  34  42 171 173 173 107
 170 169 171 171 171 170 174 173 167  42  36 105 175 175 174 110
 170 170 168 106 104 167 178 163  60  37  48 164 176 177 178 116
 171 171 165  37  33  45  69  45  34  40 135 177 179 180 180 124
 172 172 173 101  45  35  36  40  38 114 179 180 181 181 181 129
 173 173 171 176 172 128  91  93 137 175 178 180 182 183 183 140
 170 177 176 181 182 183 184 183 181 183 186 185 186 186 187 146
 159 160 164 161 158 158 137 115 109 115 145 164 168 167 165 122
 158 160 163 161 154  98  59  56  52  55  50 112 173 170 168 123
 160 160 159 153  67  51  56  58  64  52  47  55 146 169 165 114
 166 166 162  79  55  69 125 156 165 158  66  43 107 170 167 108
 168 168 119  41  60 133 168 166 164 166 105  45  88 173 171 112
 167 164  60  46  67 140 108  79  61 114 111  49  82 169 168 109
 169 141  42  47  49  41  50  52  56 104 106  53  93 171 171 110
 167 134  48  51  52  57  61  94 131 166  80  51 117 174 174 112
 169 169 148 136 144 154 163 172 172 168  59  58 152 173 174 115
 170 171 169 168 170 173 174 173 171 128  55  71 180 180 179 119
 171 175 174 173 175 174 175 171 165  61  55 122 180 180 179 118
 171 176 174 120 115 165 170 160  66  45  65 167 176 177 179 119
 172 172 168  56  52  62  80  62  52  63 141 177 179 180 179 126
 174 172 174 111  59  53  51  60  64 124 178 181 181 182 181 135
 174 173 171 175 172 135 102 115 152 180 179 182 182 183 184 145
 162 169 171 174 174 178 181 178 174 177 182 183 184 185 186 149

 117 114 109 106 108 111 108 110 114 117 121 125 132 141 147 152
 160 164 164 165 164 167 168 173 175 178 179 181 183 185 185 187
 162 164 163 161 161 165 166 172 172 175 176 178 181 182 182 184
 159 164 134  93  75  69  78 103 136 169 176 176 180 181 182 184
 157  99  45  35  34  37  38  33  28  42  98 162 179 181 181 185
 143  42  38  65 104 111 101  76  42  31  28  41 128 178 180 185
 112  37  39 154 165 107  90 167 177 125  49  34  33 107 176 182
 109  34  44 158 165  55  34 110 171 173 173  71  33  31 130 180
 123  40  35 146 164  85  36  70 164 173 178 173  50  36  90 182
 145  51  31 101 160 113  35  41 149 173 176 179  76  40  88 180
 158 106  30  35 110 142  27  32 138 172 173 165  54  42 126 180
 157 160  62  31  28  54  31  30 128 170 174 112  39  53 168 180
 154 159 159  80  33  35  32  39 125 169 172 125  46 111 175 180
 153 159 163 172 128  59  35  42 137 170 173 181 177 174 173 176
 150 159 161 166 169 168 153 139 165 170 171 174 175 174 173 176
 150 152 158 160 166 167 168 165 166 169 169 172 170 170 171 166
 115 108 107 104 107 107 104 105 108 107 110 116 124 129 140 146
 162 162 163 166 167 167 169 171 173 173 174 178 180 181 183 187
 162 161 162 167 166 167 168 172 173 173 175 177 180 181 183 186
 160 161 135 103  80  68  79 107 144 171 175 176 179 181 182 186
 159  96  36  38  32  31  33  35  34  42 105 164 177 180 180 185
 147  30  36  57  99 105  94  71  41  34  36  48 135 179 178 186
 114  28  32 155 166 104  88 165 169 119  42  37  40 114 175 183
 103  26  39 165 168  43  32 116 171 171 167  60  34  38 137 181
 112  34  41 156 164  72  28  73 169 171 173 163  45  40  93 183
 136  40  37 118 164 108  32  42 159 172 174 178  69  36  91 184
 157  92  31  45 122 138  29  39 148 171 170 167  45  35 128 183
 157 154  56  35  35  54  30  31 139 170 171 104  33  45 172 182
 158 159 154  69  30  36  30  34 132 168 171 106  37 101 176 181
 160 157 160 161 118  56  29  35 141 170 171 168 165 173 171 176
 158 158 160 163 163 165 140 130 168 170 169 170 171 172 173 177
 159 158 160 162 164 164 166 166 167 169 170 170 171 172 173 170
 122 123 114 108 112 109 110 112 115 119 118 119 126 135 145 149
 165 168 165 167 171 168 171 174 174 179 179 179 179 181 184 186
 167 170 169 170 173 169 171 174 173 180 180 177 180 182 183 185
 168 173 146 107  88  82  93 117 152 180 180 176 179 181 182 184
 164 112  55  43  45  49  53  51  58  71 122 167 177 181 182 183
 145  50  47  66 105 111 106  80  59  55  55  65 141 178 179 182
 115  55  52 158 166 114 104 166 168 128  61  45  63 124 180 177
 109  52  64 165 164  61  56 131 172 171 165  66  52  64 152 174
 115  56  58 156 166  79  52  94 172 173 171 160  62  60 115 178
 137  59  56 125 168 108  50  61 163 174 175 170  80  51 102 181
 158  98  51  69 133 140  41  57 154 173 174 165  62  53 135 178
 158 154  67  55  60  67  49  52 144 170 175 115  52  59 172 174
 161 161 153  79  41  46  47  51 136 168 173 120  56 111 175 174
 164 163 159 162 119  60  42  48 148 169 174 174 168 174 171 171
 160 160 160 166 168 164 141 134 169 171 175 176 172 172 173 169
 159 158 160 166 168 167 169 167 169 170 171 171 172 174 174 162

