  88 197 184 159 141 171 179 181 178 174 172 173 155 151 167 168
  76 197 186  97  53 133 180 180 179 177 176 175  93  78 171 172
  88 193 185  67  42 127 179 179 178 178 177 175  48  36 166 173
 101 189 186  61  38 133 178 179 177 176 176 161  39  35 161 173
  90 190 182  75  39 122 177 176 173 170 171 146  32  51 178 172
  78 192 179  81  40 108 163 153 146 133 125 106  29  56 178 169
  69 189 177  87  38  61  90  78  61  45  43  41  33  57 178 169
  64 192 176  89  37  34  39  49  62  74  93  84  35  54 178 167
  58 189 174  86  37  69 121 136 144 156 163 148  36  53 178 168
  55 189 173  72  39 106 170 171 170 171 170 154  32  47 174 167
  88 183 172  48  39 134 172 171 172 173 171 134  30  47 172 166
  82 182 173  45  36 136 172 173 174 173 170 122  34  76 173 169
  78 183 170  42  38 146 170 170 171 170 166 122  38  73 171 165
  72 184 170  56  77 171 173 173 169 169 167 138  48  96 173 163
  66 182 169 134 144 172 171 169 167 167 165 159 129 148 168 162
  58 156 153 149 149 152 152 151 150 149 147 146 143 145 147 150
  74 195 188 165 149 181 184 184 181 178 177 176 161 160 173 174
  67 197 191  99  45 130 184 182 181 180 179 180  98  78 173 175
  79 193 192  67  35 120 182 181 180 179 179 180  57  33 158 174
  92 188 190  63  37 129 180 179 178 177 177 170  49  33 153 174
  81 190 187  81  38 116 179 178 177 175 175 154  37  48 171 173
  71 192 187  90  36 100 169 162 156 147 140 121  36  51 175 174
  65 192 184  94  37  57  96  83  65  48  41  45  39  53 174 172
  59 191 183  94  36  37  37  38  51  67  86  79  35  48 175 172
  53 189 181  92  39  70 124 136 146 156 162 151  35  46 176 173
  47 186 180  80  36 103 176 176 176 174 173 160  37  44 173 170
  78 186 182  55  36 131 177 175 176 176 173 145  36  45 171 170
  74 186 181  50  36 132 178 174 175 174 173 130  32  70 174 171
  70 185 178  44  36 144 176 174 173 174 171 129  35  68 173 171
  64 184 175  52  61 166 172 173 172 172 171 143  41  83 172 169
  62 183 177 140 140 173 173 172 171 173 170 163 130 145 168 168
  53 163 168 163 164 166 162 161 159 158 156 155 154 156 157 161
  89 196 189 165 154 182 186 186 184 181 178 176 162 160 171 174
  82 197 190 111  79 146 186 183 181 182 182 179 113  97 175 176
  96 192 192  85  66 135 182 184 181 180 180 180  78  58 164 175
 109 189 190  76  58 136 182 183 183 182 179 171  67  55 161 177
 102 193 188  94  59 130 184 182 181 179 178 161  58  61 174 176
  93 191 187 107  65 118 174 171 165 154 147 135  62  74 178 176
  79 192 187 107  65  83 111 102  88  72  68  68  55  69 178 177
  69 193 185 105  60  55  51  62  74  79  94  89  50  67 179 177
  71 190 183 107  54  83 127 138 148 156 166 156  53  64 179 176
  62 189 182  99  61 115 175 178 178 180 179 169  60  61 177 177
  97 188 182  71  58 142 179 181 182 182 177 156  67  67 177 175
  88 188 186  75  59 142 179 179 182 180 174 139  60  88 176 175
  87 192 185  68  58 152 180 179 180 181 177 139  61  86 178 175
  88 191 182  72  87 175 180 182 180 177 175 151  66 100 177 177
  77 187 180 143 146 176 178 182 180 176 173 172 136 149 173 172
  75 172 173 170 169 172 168 168 166 165 161 161 159 157 160 165

 168 172 173 173 172 169 169 167 168 167 166 169 165 163 162 150
 167 171 166 161 178 178 178 178 178 174 172 173 171 173 168 147
 151  78  36  35  51  56  57  54  53  47  47  76  73  96 148 145
 155  93  48  39  32  29  33  35  36  32  30  34  38  48 129 143
 173 175 175 161 146 106  41  84 148 154 134 122 122 138 159 146
 172 176 177 176 171 125  43  93 163 170 171 170 166 167 165 147
 174 177 178 176 170 133  45  74 156 171 173 173 170 169 167 149
 178 179 178 177 173 146  61  62 144 170 172 174 171 169 167 150
 181 180 179 179 176 153  78  49 136 171 171 173 170 173 169 151
 179 180 179 178 177 163  90  39 121 170 172 172 170 173 171 152
 171 133 127 133 122 108  61  34  69 106 134 136 146 171 172 152
 141  53  42  38  39  40  38  37  37  39  39  36  38  77 144 149
 159  97  67  61  75  81  87  89  86  72  48  45  42  56 134 149
 184 186 185 186 182 179 177 176 174 173 172 173 170 170 169 153
 197 197 193 189 190 192 189 192 189 189 183 182 183 184 182 156
  88  76  88 101  90  78  69  64  58  55  88  82  78  72  66  58
 174 175 174 174 173 174 172 172 173 170 170 171 171 169 168 161
 173 173 158 153 171 175 174 175 176 173 171 174 173 172 168 157
 160  78  33  33  48  51  53  48  46  44  45  70  68  83 145 156
 161  98  57  49  37  36  39  35  35  37  36  32  35  41 130 154
 176 180 180 170 154 121  45  79 151 160 145 130 129 143 163 155
 177 179 179 177 175 140  41  86 162 173 173 173 171 171 170 156
 178 180 179 177 175 147  48  67 156 174 176 174 174 172 173 158
 181 181 180 178 177 156  65  51 146 176 176 175 173 172 171 159
 184 182 181 179 178 162  83  38 136 176 175 174 174 173 172 161
 184 184 182 180 179 169  96  37 124 176 177 178 176 172 173 162
 181 130 120 129 116 100  57  37  70 103 131 132 144 166 173 166
 149  45  35  37  38  36  37  36  39  36  36  36  36  61 140 164
 165  99  67  63  81  90  94  94  92  80  55  50  44  52 140 163
 188 191 192 190 187 187 184 183 181 180 182 181 178 175 177 168
 195 197 193 188 190 192 192 191 189 186 186 186 185 184 183 163
  74  67  79  92  81  71  65  59  53  47  78  74  70  64  62  53
 174 176 175 177 176 176 177 177 176 177 175 175 175 177 172 165
 171 175 164 161 174 178 178 179 179 177 177 176 178 177 173 160
 160  97  58  55  61  74  69  67  64  61  67  88  86 100 149 157
 162 113  78  67  58  62  55  50  53  60  67  60  61  66 136 159
 176 179 180 171 161 135  68  89 156 169 156 139 139 151 172 161
 178 182 180 179 178 147  68  94 166 179 177 174 177 175 173 161
 181 182 180 182 179 154  72  79 156 180 182 180 181 177 176 165
 184 181 181 183 181 165  88  74 148 178 182 182 180 180 180 166
 186 183 184 183 182 171 102  62 138 178 181 179 179 182 182 168
 186 186 182 182 184 174 111  51 127 175 179 179 180 180 178 168
 182 146 135 136 130 118  83  55  83 115 142 142 152 175 176 172
 154  79  66  58  59  65  65  60  54  61  58  59  58  87 146 169
 165 111  85  76  94 107 107 105 107  99  71  75  68  72 143 170
 189 190 192 190 188 187 187 185 183 182 182 186 185 182 180 173
 196 197 192 189 193 191 192 193 190 189 188 188 192 191 187 172
  89  82  96 109 102  93  79  69  71  62  97  88  87  88  77  75

 150 147 145 143 146 147 149 150 151 152 152 149 149 153 156  58
 162 168 148 129 159 165 167 167 169 171 172 144 134 169 182  66
 163 173  96  48 138 167 169 169 173 173 171  77  56 170 184  72
 165 171  73  38 122 166 170 171 170 170 146  38  42 170 183  78
 169 173  76  34 122 170 173 174 173 172 136  36  45 173 182  82
 166 172  47  30 134 171 173 172 171 172 134  39  48 172 183  88
 167 174  47  32 154 170 171 170 171 170 106  39  72 173 189  55
 168 178  53  36 148 163 156 144 136 121  69  37  86 174 189  58
 167 178  54  35  84  93  74  62  49  39  34  37  89 176 192  64
 169 178  57  33  41  43  45  61  78  90  61  38  87 177 189  69
 169 178  56  29 106 125 133 146 153 163 108  40  81 179 192  78
 172 178  51  32 146 171 170 173 176 177 122  39  75 182 190  90
 173 161  35  39 161 176 176 177 179 178 133  38  61 186 189 101
 173 166  36  48 175 177 178 178 179 179 127  42  67 185 193  88
 172 171  78  93 175 176 177 179 180 180 133  53  97 186 197  76
 168 167 151 155 173 172 174 178 181 179 171 141 159 184 197  88
 161 157 156 154 155 156 158 159 161 162 166 164 163 168 163  53
 168 168 145 130 163 170 173 171 172 173 173 140 140 177 183  62
 169 172  83  41 143 171 172 172 173 172 166  61  52 175 184  64
 171 173  68  35 129 171 174 173 174 176 144  36  44 178 185  70
 171 174  70  32 130 173 174 175 174 178 132  36  50 181 186  74
 170 171  45  36 145 173 176 176 175 177 131  36  55 182 186  78
 170 173  44  37 160 173 174 176 176 176 103  36  80 180 186  47
 173 176  46  35 151 162 156 146 136 124  70  39  92 181 189  53
 172 175  48  35  79  86  67  51  38  37  37  36  94 183 191  59
 172 174  53  39  45  41  48  65  83  96  57  37  94 184 192  65
 174 175  51  36 121 140 147 156 162 169 100  36  90 187 192  71
 173 171  48  37 154 175 175 177 178 179 116  38  81 187 190  81
 174 153  33  49 170 177 177 178 179 180 129  37  63 190 188  92
 174 158  33  57 180 179 179 180 181 182 120  35  67 192 193  79
 175 173  78  98 180 179 180 181 182 184 130  45  99 191 197  67
 174 173 160 161 176 177 178 181 184 184 181 149 165 188 195  74
 165 160 157 159 161 161 165 166 168 168 172 169 170 173 172  75
 172 173 149 136 172 173 176 180 182 178 176 146 143 180 187  77
 177 177 100  66 151 175 177 180 182 180 175  87  72 182 191  88
 175 178  86  61 139 177 181 180 179 180 152  58  68 185 192  87
 175 176  88  60 139 174 180 182 179 179 142  59  75 186 188  88
 175 177  67  67 156 177 182 182 181 179 142  58  71 182 188  97
 177 177  61  60 169 179 180 178 178 175 115  61  99 182 189  62
 176 179  64  53 156 166 156 148 138 127  83  54 107 183 190  71
 177 179  67  50  89  94  79  74  62  51  55  60 105 185 193  69
 177 178  69  55  68  68  72  88 102 111  83  65 107 187 192  79
 176 178  74  62 135 147 154 165 171 174 118  65 107 187 191  93
 176 174  61  58 161 178 179 181 182 184 130  59  94 188 193 102
 177 161  55  67 171 179 182 183 183 182 136  58  76 190 189 109
 175 164  58  78 180 180 180 181 184 182 135  66  85 192 192  96
 176 175  97 113 179 182 182 181 183 186 146  79 111 190 197  82
 174 171 160 162 176 178 181 184 186 186 182 154 165 189 196  89

  58  66  72  78  82  88  55  58  64  69  78  90 101  88  76  88
 156 182 184 183 182 183 189 189 192 189 192 190 189 193 197 197
 153 169 170 170 173 172 173 174 176 177 179 182 186 185 186 184
 149 134  56  42  45  48  72  86  89  87  81  75  61  67  97 159
 149 144  77  38  36  39  39  37  37  38  40  39  38  42  53 141
 152 172 171 146 136 134 106  69  34  61 108 122 133 127 133 171
 152 171 173 170 172 172 170 121  39  90 163 177 178 179 180 179
 151 169 173 170 173 171 171 136  49  78 153 176 179 179 180 181
 150 167 169 171 174 172 170 144  62  61 146 173 177 178 179 178
 149 167 169 170 173 173 171 156  74  45 133 170 176 178 177 174
 147 165 167 166 170 171 170 163  93  43 125 171 176 177 176 172
 146 159 138 122 122 134 154 148  84  41 106 146 161 175 175 173
 143 129  48  38  34  30  32  36  35  33  29  32  39  48  93 155
 145 148  96  73  76  47  47  53  54  57  56  51  35  36  78 151
 147 168 173 171 173 172 174 178 178 178 178 178 161 166 171 167
 150 162 163 165 169 166 167 168 167 169 169 172 173 173 172 168
  53  62  64  70  74  78  47  53  59  65  71  81  92  79  67  74
 163 183 184 185 186 186 186 189 191 192 192 190 188 193 197 195
 168 177 175 178 181 182 180 181 183 184 187 187 190 192 191 188
 163 140  52  44  50  55  80  92  94  94  90  81  63  67  99 165
 164 140  61  36  36  36  36  39  36  37  36  38  37  35  45 149
 166 173 166 144 132 131 103  70  37  57 100 116 129 120 130 181
 162 173 172 176 178 177 176 124  37  96 169 179 180 182 184 184
 161 172 173 174 174 175 176 136  38  83 162 178 179 181 182 184
 159 171 172 173 175 176 176 146  51  65 156 177 178 180 181 181
 158 173 172 174 174 176 174 156  67  48 147 175 177 179 180 178
 156 170 171 171 173 173 173 162  86  41 140 175 177 179 179 177
 155 163 143 129 130 145 160 151  79  45 121 154 170 180 180 176
 154 130  41  35  32  36  37  35  35  39  36  37  49  57  98 161
 156 145  83  68  70  45  44  46  48  53  51  48  33  33  78 160
 157 168 172 173 174 171 173 176 175 174 175 171 153 158 173 173
 161 168 169 171 171 170 170 173 172 172 174 173 174 174 175 174
  75  77  88  87  88  97  62  71  69  79  93 102 109  96  82  89
 172 187 191 192 188 188 189 190 193 192 191 193 189 192 197 196
 173 180 182 185 186 182 182 183 185 187 187 188 190 192 190 189
 170 143  72  68  75  71  99 107 105 107 107  94  76  85 111 165
 169 146  87  58  59  58  61  54  60  65  65  59  58  66  79 154
 172 176 175 152 142 142 115  83  55  83 118 130 136 135 146 182
 168 178 180 180 179 179 175 127  51 111 174 184 182 182 186 186
 168 182 182 179 179 181 178 138  62 102 171 182 183 184 183 186
 166 180 180 180 182 182 178 148  74  88 165 181 183 181 181 184
 165 176 177 181 180 182 180 156  79  72 154 179 182 180 182 181
 161 173 175 177 174 177 179 166  94  68 147 178 179 180 182 178
 161 172 151 139 139 156 169 156  89  68 135 161 171 180 179 176
 159 136  66  61  60  67  60  53  50  55  62  58  67  78 113 162
 157 149 100  86  88  67  61  64  67  69  74  61  55  58  97 160
 160 173 177 178 176 177 177 179 179 178 178 174 161 164 175 171
 165 172 177 175 175 175 177 176 177 177 176 176 177 175 176 174

