 134 154 153 152 152 151  96  63  71  54  80 154 148 145 140 130
 142 154 156 156 130  79  71  76  81  96 110 131 148 149 149 144
 142 158 158 158  92  27  21  20  18  21  24  28  80 157 151 149
 142 158 159 160 146  94  85  36  23  33  40  33  82 157 155 147
 145 163 163 159 159 157 155  63  24  88 155 143 152 157 156 148
 149 163 165 163 160 160 158  55  25  96 156 157 156 157 156 152
 137 160 164 164 161 162 158  50  30 101 158 157 158 158 157 155
 135 163 165 165 163 161 158  47  24 103 159 158 159 157 159 155
 137 163 162 165 164 160 157  47  29 101 160 157 159 159 158 156
 121 165 164 164 165 162 155  47  32 108 161 161 160 160 159 154
 126 164 167 165 166 162 155  43  34 112 163 162 160 160 160 156
 134 167 167 167 168 167 162  45  30 106 159 161 162 162 160 157
 130 172 170 166 139  65  59  38  27  32  43  49  99 163 160 155
 134 170 170 167  90  36  32  35  28  35  35  32  92 166 161 156
 140 171 170 168 155 101 105 113 138 138 151 154 161 162 160 158
 146 174 173 174 170 168 169 165 164 163 165 168 166 164 163 161
 135 161 161 161 161 162 100  49  60  47  68 161 159 151 148 138
 140 161 160 159 137  76  67  73  76  98 119 141 156 156 155 151
 139 162 163 161  91  20  21  20  19  21  18  20  72 158 154 154
 142 163 162 162 151  93  83  40  21  33  26  18  74 158 155 154
 146 165 163 163 162 160 161  70  20  85 163 149 157 157 157 155
 146 167 166 164 163 163 163  57  25  89 158 159 158 159 157 157
 136 166 165 164 162 163 162  55  27  93 161 160 160 160 159 156
 135 166 166 165 164 164 162  51  18  94 161 160 161 160 159 157
 134 167 166 165 165 162 163  52  23  94 162 161 160 159 158 156
 119 167 167 166 166 164 160  49  23  98 162 161 160 160 159 158
 127 167 167 166 166 163 161  46  22  98 163 162 161 160 160 158
 130 168 168 168 167 173 169  45  25  98 165 167 165 162 160 160
 130 173 169 167 141  63  53  30  26  26  34  35  88 164 160 158
 133 174 171 169  88  29  28  26  23  25  28  26  82 162 161 159
 140 173 171 169 157  95 103 108 137 137 156 158 163 162 161 161
 146 180 179 177 176 173 170 167 167 167 171 172 170 170 164 164
 142 160 161 160 161 160 100  55  61  55  78 160 158 153 148 141
 152 163 162 160 140  83  71  76  81 100 121 140 154 158 155 152
 143 162 163 161  99  31  22  20  24  27  24  33  84 159 154 154
 146 163 163 162 150  99  86  43  28  33  33  30  78 157 155 153
 148 167 167 165 164 162 159  74  28  87 160 150 156 157 157 154
 153 167 166 165 164 164 162  61  27  92 156 159 159 158 156 155
 147 168 169 165 162 164 162  57  33  98 159 160 160 160 157 155
 137 166 166 166 165 165 161  54  31  97 159 160 161 160 159 157
 141 168 166 165 164 160 159  54  29  98 160 160 159 159 158 156
 122 167 167 166 166 163 158  56  32 102 162 161 160 160 159 157
 129 167 167 165 166 163 158  48  27 100 163 162 161 160 159 156
 131 168 168 167 166 164 161  47  30 100 164 166 162 160 159 158
 128 168 169 166 140  71  63  34  29  33  44  49  95 158 158 155
 135 164 166 164  90  36  29  29  24  28  33  37  87 161 161 154
 138 169 169 167 154 101 103 111 134 135 151 154 161 161 160 159
 143 174 171 170 169 166 165 163 161 162 168 170 168 166 163 162

 130 144 149 147 148 152 155 155 156 154 156 157 155 156 158 161
 140 149 151 155 156 156 157 159 158 159 160 160 160 161 160 163
 145 149 157 157 157 157 158 157 159 160 160 162 163 166 162 164
 148 148  80  82 152 156 158 159 159 160 160 162  99  92 161 166
 154 131  28  33 143 157 157 158 157 161 162 161  49  32 154 168
  80 110  24  40 155 156 158 159 160 161 163 159  43  35 151 165
  54  96  21  33  88  96 101 103 101 108 112 106  32  35 138 163
  71  81  18  23  24  25  30  24  29  32  34  30  27  28 138 164
  63  76  20  36  63  55  50  47  47  47  43  45  38  35 113 165
  96  71  21  85 155 158 158 158 157 155 155 162  59  32 105 169
 151  79  27  94 157 160 162 161 160 162 162 167  65  36 101 168
 152 130  92 146 159 160 161 163 164 165 166 168 139  90 155 170
 152 156 158 160 159 163 164 165 165 164 165 167 166 167 168 174
 153 156 158 159 163 165 164 165 162 164 167 167 170 170 170 173
 154 154 158 158 163 163 160 163 163 165 164 167 172 170 171 174
 134 142 142 142 145 149 137 135 137 121 126 134 130 134 140 146
 138 151 154 154 155 157 156 157 156 158 158 160 158 159 161 164
 148 155 154 155 157 157 159 159 158 159 160 160 160 161 161 164
 151 156 158 158 157 159 160 160 159 160 160 162 164 162 162 170
 159 156  72  74 157 158 160 161 160 160 161 165  88  82 163 170
 161 141  20  18 149 159 160 160 161 161 162 167  35  26 158 172
  68 119  18  26 163 158 161 161 162 162 163 165  34  28 156 171
  47  98  21  33  85  89  93  94  94  98  98  98  26  25 137 167
  60  76  19  21  20  25  27  18  23  23  22  25  26  23 137 167
  49  73  20  40  70  57  55  51  52  49  46  45  30  26 108 167
 100  67  21  83 161 163 162 162 163 160 161 169  53  28 103 170
 162  76  20  93 160 163 163 164 162 164 163 173  63  29  95 173
 161 137  91 151 162 163 162 164 165 166 166 167 141  88 157 176
 161 159 161 162 163 164 164 165 165 166 166 168 167 169 169 177
 161 160 163 162 163 166 165 166 166 167 167 168 169 171 171 179
 161 161 162 163 165 167 166 166 167 167 167 168 173 174 173 180
 135 140 139 142 146 146 136 135 134 119 127 130 130 133 140 146
 141 152 154 153 154 155 155 157 156 157 156 158 155 154 159 162
 148 155 154 155 157 156 157 159 158 159 159 159 158 161 160 163
 153 158 159 157 157 158 160 160 159 160 160 160 158 161 161 166
 158 154  84  78 156 159 160 161 159 160 161 162  95  87 161 168
 160 140  33  30 150 159 160 160 160 161 162 166  49  37 154 170
  78 121  24  33 160 156 159 159 160 162 163 164  44  33 151 168
  55 100  27  33  87  92  98  97  98 102 100 100  33  28 135 162
  61  81  24  28  28  27  33  31  29  32  27  30  29  24 134 161
  55  76  20  43  74  61  57  54  54  56  48  47  34  29 111 163
 100  71  22  86 159 162 162 161 159 158 158 161  63  29 103 165
 160  83  31  99 162 164 164 165 160 163 163 164  71  36 101 166
 161 140  99 150 164 164 162 165 164 166 166 166 140  90 154 169
 160 160 161 162 165 165 165 166 165 166 165 167 166 164 167 170
 161 162 163 163 167 166 169 166 166 167 167 168 169 166 169 171
 160 163 162 163 167 167 168 166 168 167 167 168 168 164 169 174
 142 152 143 146 148 153 147 137 141 122 129 131 128 135 138 143

 161 163 164 166 168 165 163 164 165 169 168 170 174 173 174 146
 158 160 162 161 154 151 138 138 113 105 101 155 168 170 171 140
 156 161 166  92  32  35  35  28  35  32  36  90 167 170 170 134
 155 160 163  99  49  43  32  27  38  59  65 139 166 170 172 130
 157 160 162 162 161 159 106  30  45 162 167 168 167 167 167 134
 156 160 160 160 162 163 112  34  43 155 162 166 165 167 164 126
 154 159 160 160 161 161 108  32  47 155 162 165 164 164 165 121
 156 158 159 159 157 160 101  29  47 157 160 164 165 162 163 137
 155 159 157 159 158 159 103  24  47 158 161 163 165 165 163 135
 155 157 158 158 157 158 101  30  50 158 162 161 164 164 160 137
 152 156 157 156 157 156  96  25  55 158 160 160 163 165 163 149
 148 156 157 152 143 155  88  24  63 155 157 159 159 163 163 145
 147 155 157  82  33  40  33  23  36  85  94 146 160 159 158 142
 149 151 157  80  28  24  21  18  20  21  27  92 158 158 158 142
 144 149 149 148 131 110  96  81  76  71  79 130 156 156 154 142
 130 140 145 148 154  80  54  71  63  96 151 152 152 153 154 134
 164 164 170 170 172 171 167 167 167 170 173 176 177 179 180 146
 161 161 162 163 158 156 137 137 108 103  95 157 169 171 173 140
 159 161 162  82  26  28  25  23  26  28  29  88 169 171 174 133
 158 160 164  88  35  34  26  26  30  53  63 141 167 169 173 130
 160 160 162 165 167 165  98  25  45 169 173 167 168 168 168 130
 158 160 160 161 162 163  98  22  46 161 163 166 166 167 167 127
 158 159 160 160 161 162  98  23  49 160 164 166 166 167 167 119
 156 158 159 160 161 162  94  23  52 163 162 165 165 166 167 134
 157 159 160 161 160 161  94  18  51 162 164 164 165 166 166 135
 156 159 160 160 160 161  93  27  55 162 163 162 164 165 166 136
 157 157 159 158 159 158  89  25  57 163 163 163 164 166 167 146
 155 157 157 157 149 163  85  20  70 161 160 162 163 163 165 146
 154 155 158  74  18  26  33  21  40  83  93 151 162 162 163 142
 154 154 158  72  20  18  21  19  20  21  20  91 161 163 162 139
 151 155 156 156 141 119  98  76  73  67  76 137 159 160 161 140
 138 148 151 159 161  68  47  60  49 100 162 161 161 161 161 135
 162 163 166 168 170 168 162 161 163 165 166 169 170 171 174 143
 159 160 161 161 154 151 135 134 111 103 101 154 167 169 169 138
 154 161 161  87  37  33  28  24  29  29  36  90 164 166 164 135
 155 158 158  95  49  44  33  29  34  63  71 140 166 169 168 128
 158 159 160 162 166 164 100  30  47 161 164 166 167 168 168 131
 156 159 160 161 162 163 100  27  48 158 163 166 165 167 167 129
 157 159 160 160 161 162 102  32  56 158 163 166 166 167 167 122
 156 158 159 159 160 160  98  29  54 159 160 164 165 166 168 141
 157 159 160 161 160 159  97  31  54 161 165 165 166 166 166 137
 155 157 160 160 160 159  98  33  57 162 164 162 165 169 168 147
 155 156 158 159 159 156  92  27  61 162 164 164 165 166 167 153
 154 157 157 156 150 160  87  28  74 159 162 164 165 167 167 148
 153 155 157  78  30  33  33  28  43  86  99 150 162 163 163 146
 154 154 159  84  33  24  27  24  20  22  31  99 161 163 162 143
 152 155 158 154 140 121 100  81  76  71  83 140 160 162 163 152
 141 148 153 158 160  78  55  61  55 100 160 161 160 161 160 142

 146 140 134 130 134 126 121 137 135 137 149 145 142 142 142 134
 174 171 170 172 167 164 165 163 163 160 163 163 158 158 154 154
 173 170 170 170 167 167 164 162 165 164 165 163 159 158 156 153
 174 168 167 166 167 165 164 165 165 164 163 159 160 158 156 152
 170 155  90 139 168 166 165 164 163 161 160 159 146  92 130 152
 168 101  36  65 167 162 162 160 161 162 160 157  94  27  79 151
 169 105  32  59 162 155 155 157 158 158 158 155  85  21  71  96
 165 113  35  38  45  43  47  47  47  50  55  63  36  20  76  63
 164 138  28  27  30  34  32  29  24  30  25  24  23  18  81  71
 163 138  35  32 106 112 108 101 103 101  96  88  33  21  96  54
 165 151  35  43 159 163 161 160 159 158 156 155  40  24 110  80
 168 154  32  49 161 162 161 157 158 157 157 143  33  28 131 154
 166 161  92  99 162 160 160 159 159 158 156 152  82  80 148 148
 164 162 166 163 162 160 160 159 157 158 157 157 157 157 149 145
 163 160 161 160 160 160 159 158 159 157 156 156 155 151 149 140
 161 158 156 155 157 156 154 156 155 155 152 148 147 149 144 130
 146 140 133 130 130 127 119 134 135 136 146 146 142 139 140 135
 180 173 174 173 168 167 167 167 166 166 167 165 163 162 161 161
 179 171 171 169 168 167 167 166 166 165 166 163 162 163 160 161
 177 169 169 167 168 166 166 165 165 164 164 163 162 161 159 161
 176 157  88 141 167 166 166 165 164 162 163 162 151  91 137 161
 173  95  29  63 173 163 164 162 164 163 163 160  93  20  76 162
 170 103  28  53 169 161 160 163 162 162 163 161  83  21  67 100
 167 108  26  30  45  46  49  52  51  55  57  70  40  20  73  49
 167 137  23  26  25  22  23  23  18  27  25  20  21  19  76  60
 167 137  25  26  98  98  98  94  94  93  89  85  33  21  98  47
 171 156  28  34 165 163 162 162 161 161 158 163  26  18 119  68
 172 158  26  35 167 162 161 161 160 160 159 149  18  20 141 161
 170 163  82  88 165 161 160 160 161 160 158 157  74  72 156 159
 170 162 162 164 162 160 160 159 160 160 159 157 158 158 156 151
 164 161 161 160 160 160 159 158 159 159 157 157 155 154 155 148
 164 161 159 158 160 158 158 156 157 156 157 155 154 154 151 138
 143 138 135 128 131 129 122 141 137 147 153 148 146 143 152 142
 174 169 164 168 168 167 167 168 166 168 167 167 163 162 163 160
 171 169 166 169 168 167 167 166 166 169 166 167 163 163 162 161
 170 167 164 166 167 165 166 165 166 165 165 165 162 161 160 160
 169 154  90 140 166 166 166 164 165 162 164 164 150  99 140 161
 166 101  36  71 164 163 163 160 165 164 164 162  99  31  83 160
 165 103  29  63 161 158 158 159 161 162 162 159  86  22  71 100
 163 111  29  34  47  48  56  54  54  57  61  74  43  20  76  55
 161 134  24  29  30  27  32  29  31  33  27  28  28  24  81  61
 162 135  28  33 100 100 102  98  97  98  92  87  33  27 100  55
 168 151  33  44 164 163 162 160 159 159 156 160  33  24 121  78
 170 154  37  49 166 162 161 160 160 160 159 150  30  33 140 160
 168 161  87  95 162 161 160 159 161 160 159 156  78  84 154 158
 166 161 161 158 160 160 160 159 160 160 158 157 157 159 158 153
 163 160 161 158 159 159 159 158 159 157 156 157 155 154 155 148
 162 159 154 155 158 156 157 156 157 155 155 154 153 154 152 141

