 174 200 197 196 192 192 189 187 188 186 185 184 182 180 177 139
 172 197 193 192 190 189 176 160 147 148 143 138 125 148 177 140
 169 195 194 192 187 180  62  45  43  46  45  42  44  52 162 146
 186 193 192 191 188 184 113  68  67  55  41  43  55  61 170 149
 185 195 191 189 187 187 185 183 180  92  39  93 168 175 179 153
 179 195 191 190 186 186 185 185 182  97  42  95 182 179 178 155
 174 193 191 188 187 187 185 184 180  91  41 104 182 178 176 144
 170 193 188 186 186 183 182 180 177  90  41 110 181 178 174 137
 170 192 188 187 185 182 182 182 176  76  42 126 181 178 174 143
 164 191 189 186 183 181 178 180 177  67  38 135 180 177 173 144
 157 192 188 183 110  88 173 179 172  52  40 153 178 175 175 149
 158 191 189 171  49  49 160 174 171  46  38 173 177 175 173 151
 154 190 188 180  70  44  71 159 148  39  58 180 176 174 170 145
 152 188 186 182 136  58  44  48  52  39  81 179 175 171 168 138
 165 185 183 181 178 135  69  48  41  51 157 180 173 170 169 131
 156 182 179 175 174 171 167 137 133 153 176 171 166 163 163 127
 170 201 197 195 191 190 189 189 189 188 185 180 179 176 174 143
 165 194 191 187 186 185 177 165 147 148 147 141 119 144 175 142
 161 192 190 187 185 181  64  41  41  40  39  39  39  39 147 147
 181 192 189 186 185 182 107  46  46  40  41  41  38  44 155 148
 178 192 189 188 185 183 182 183 181  98  40  91 168 172 172 155
 173 192 189 188 185 184 182 180 180 104  42  90 176 174 173 155
 167 192 189 188 185 183 181 181 179 105  43  93 175 175 173 147
 164 193 189 187 185 183 181 180 175 100  44 104 174 175 172 142
 163 193 191 187 185 182 181 180 177  87  44 119 173 174 172 144
 159 193 191 187 185 183 180 177 175  78  41 129 173 173 171 148
 154 193 189 184 121  94 173 177 173  62  43 145 175 173 171 151
 152 193 189 176  60  43 150 175 174  57  43 163 175 172 170 151
 149 193 191 187  75  46  67 161 160  52  56 173 173 171 168 146
 149 191 188 186 138  48  43  43  50  45  77 175 172 170 167 140
 157 189 186 183 183 136  60  36  43  47 144 172 171 169 166 134
 152 186 186 183 181 179 179 143 133 151 174 174 170 167 165 136
 170 192 189 188 187 185 184 184 184 183 180 176 172 171 170 146
 169 195 192 188 186 185 177 167 156 156 154 150 135 153 175 149
 168 192 190 190 189 183  94  72  63  60  69  60  63  60 151 156
 188 193 191 191 189 185 119  73  69  63  63  66  64  64 156 159
 185 197 191 190 188 187 184 180 175 109  67 104 162 170 174 161
 182 197 192 189 189 188 184 182 183 125  66  99 175 176 174 158
 179 196 191 189 187 187 184 182 182 122  65 108 172 176 174 153
 170 193 191 191 189 186 182 182 182 121  73 115 173 179 173 149
 169 195 194 191 189 186 184 181 179 102  67 127 176 177 173 153
 167 198 196 191 187 188 185 181 180 101  67 137 173 175 176 157
 159 200 198 192 144 124 183 183 179  87  69 152 174 176 173 158
 155 200 198 185  84  62 157 179 178  83  67 168 176 174 170 158
 154 200 195 192 100  69  83 162 160  77  79 172 177 172 169 154
 157 199 195 190 151  73  65  67  84  70  91 172 174 175 173 152
 170 197 193 190 188 147  79  67  64  66 148 177 175 172 171 146
 162 191 192 191 188 185 181 147 137 152 175 177 175 170 168 145

 139 140 146 149 153 155 144 137 143 144 149 151 145 138 131 127
 177 177 162 170 179 178 176 174 174 173 175 173 170 168 169 163
 180 148  52  61 175 179 178 178 178 177 175 175 174 171 170 163
 182 125  44  55 168 182 182 181 181 180 178 177 176 175 173 166
 184 138  42  43  93  95 104 110 126 135 153 173 180 179 180 171
 185 143  45  41  39  42  41  41  42  38  40  38  58  81 157 176
 186 148  46  55  92  97  91  90  76  67  52  46  39  39  51 153
 188 147  43  67 180 182 180 177 176 177 172 171 148  52  41 133
 187 160  45  68 183 185 184 180 182 180 179 174 159  48  48 137
 189 176  62 113 185 185 185 182 182 178 173 160  71  44  69 167
 192 189 180 184 187 186 187 183 182 181  88  49  44  58 135 171
 192 190 187 188 187 186 187 186 185 183 110  49  70 136 178 174
 196 192 192 191 189 190 188 186 187 186 183 171 180 182 181 175
 197 193 194 192 191 191 191 188 188 189 188 189 188 186 183 179
 200 197 195 193 195 195 193 193 192 191 192 191 190 188 185 182
 174 172 169 186 185 179 174 170 170 164 157 158 154 152 165 156
 143 142 147 148 155 155 147 142 144 148 151 151 146 140 134 136
 174 175 147 155 172 173 173 172 172 171 171 170 168 167 166 165
 176 144  39  44 172 174 175 175 174 173 173 172 171 170 169 167
 179 119  39  38 168 176 175 174 173 173 175 175 173 172 171 170
 180 141  39  41  91  90  93 104 119 129 145 163 173 175 172 174
 185 147  39  41  40  42  43  44  44  41  43  43  56  77 144 174
 188 148  40  40  98 104 105 100  87  78  62  57  52  45  47 151
 189 147  41  46 181 180 179 175 177 175 173 174 160  50  43 133
 189 165  41  46 183 180 181 180 180 177 177 175 161  43  36 143
 189 177  64 107 182 182 181 181 181 180 173 150  67  43  60 179
 190 185 181 182 183 184 183 183 182 183  94  43  46  48 136 179
 191 186 185 185 185 185 185 185 185 185 121  60  75 138 183 181
 195 187 187 186 188 188 188 187 187 187 184 176 187 186 183 183
 197 191 190 189 189 189 189 189 191 191 189 189 191 188 186 186
 201 194 192 192 192 192 192 193 193 193 193 193 193 191 189 186
 170 165 161 181 178 173 167 164 163 159 154 152 149 149 157 152
 146 149 156 159 161 158 153 149 153 157 158 158 154 152 146 145
 170 175 151 156 174 174 174 173 173 176 173 170 169 173 171 168
 171 153  60  64 170 176 176 179 177 175 176 174 172 175 172 170
 172 135  63  64 162 175 172 173 176 173 174 176 177 174 175 175
 176 150  60  66 104  99 108 115 127 137 152 168 172 172 177 177
 180 154  69  63  67  66  65  73  67  67  69  67  79  91 148 175
 183 156  60  63 109 125 122 121 102 101  87  83  77  70  66 152
 184 156  63  69 175 183 182 182 179 180 179 178 160  84  64 137
 184 167  72  73 180 182 182 182 181 181 183 179 162  67  67 147
 184 177  94 119 184 184 184 182 184 185 183 157  83  65  79 181
 185 185 183 185 187 188 187 186 186 188 124  62  69  73 147 185
 187 186 189 189 188 189 187 189 189 187 144  84 100 151 188 188
 188 188 190 191 190 189 189 191 191 191 192 185 192 190 190 191
 189 192 190 191 191 192 191 191 194 196 198 198 195 195 193 192
 192 195 192 193 197 197 196 193 195 198 200 200 200 199 197 191
 170 169 168 188 185 182 179 170 169 167 159 155 154 157 170 162

 127 163 163 166 171 176 153 133 137 167 171 174 175 179 182 156
 131 169 170 173 180 157  51  41  48  69 135 178 181 183 185 165
 138 168 171 175 179  81  39  52  48  44  58 136 182 186 188 152
 145 170 174 176 180  58  39 148 159  71  44  70 180 188 190 154
 151 173 175 177 173  38  46 171 174 160  49  49 171 189 191 158
 149 175 175 178 153  40  52 172 179 173  88 110 183 188 192 157
 144 173 177 180 135  38  67 177 180 178 181 183 186 189 191 164
 143 174 178 181 126  42  76 176 182 182 182 185 187 188 192 170
 137 174 178 181 110  41  90 177 180 182 183 186 186 188 193 170
 144 176 178 182 104  41  91 180 184 185 187 187 188 191 193 174
 155 178 179 182  95  42  97 182 185 185 186 186 190 191 195 179
 153 179 175 168  93  39  92 180 183 185 187 187 189 191 195 185
 149 170  61  55  43  41  55  67  68 113 184 188 191 192 193 186
 146 162  52  44  42  45  46  43  45  62 180 187 192 194 195 169
 140 177 148 125 138 143 148 147 160 176 189 190 192 193 197 172
 139 177 180 182 184 185 186 188 187 189 192 192 196 197 200 174
 136 165 167 170 174 174 151 133 143 179 179 181 183 186 186 152
 134 166 169 171 172 144  47  43  36  60 136 183 183 186 189 157
 140 167 170 172 175  77  45  50  43  43  48 138 186 188 191 149
 146 168 171 173 173  56  52 160 161  67  46  75 187 191 193 149
 151 170 172 175 163  43  57 174 175 150  43  60 176 189 193 152
 151 171 173 175 145  43  62 173 177 173  94 121 184 189 193 154
 148 171 173 173 129  41  78 175 177 180 183 185 187 191 193 159
 144 172 174 173 119  44  87 177 180 181 182 185 187 191 193 163
 142 172 175 174 104  44 100 175 180 181 183 185 187 189 193 164
 147 173 175 175  93  43 105 179 181 181 183 185 188 189 192 167
 155 173 174 176  90  42 104 180 180 182 184 185 188 189 192 173
 155 172 172 168  91  40  98 181 183 182 183 185 188 189 192 178
 148 155  44  38  41  41  40  46  46 107 182 185 186 189 192 181
 147 147  39  39  39  39  40  41  41  64 181 185 187 190 192 161
 142 175 144 119 141 147 148 147 165 177 185 186 187 191 194 165
 143 174 176 179 180 185 188 189 189 189 190 191 195 197 201 170
 145 168 170 175 177 175 152 137 147 181 185 188 191 192 191 162
 146 171 172 175 177 148  66  64  67  79 147 188 190 193 197 170
 152 173 175 174 172  91  70  84  67  65  73 151 190 195 199 157
 154 169 172 177 172  79  77 160 162  83  69 100 192 195 200 154
 158 170 174 176 168  67  83 178 179 157  62  84 185 198 200 155
 158 173 176 174 152  69  87 179 183 183 124 144 192 198 200 159
 157 176 175 173 137  67 101 180 181 185 188 187 191 196 198 167
 153 173 177 176 127  67 102 179 181 184 186 189 191 194 195 169
 149 173 179 173 115  73 121 182 182 182 186 189 191 191 193 170
 153 174 176 172 108  65 122 182 182 184 187 187 189 191 196 179
 158 174 176 175  99  66 125 183 182 184 188 189 189 192 197 182
 161 174 170 162 104  67 109 175 180 184 187 188 190 191 197 185
 159 156  64  64  66  63  63  69  73 119 185 189 191 191 193 188
 156 151  60  63  60  69  60  63  72  94 183 189 190 190 192 168
 149 175 153 135 150 154 156 156 167 177 185 186 188 192 195 169
 146 170 171 172 176 180 183 184 184 184 185 187 188 189 192 170

 156 165 152 154 158 157 164 170 170 174 179 185 186 169 172 174
 182 185 188 190 191 192 191 192 193 193 195 195 193 195 197 200
 179 183 186 188 189 188 189 188 188 191 191 191 192 194 193 197
 175 181 182 180 171 183 186 187 186 188 190 189 191 192 192 196
 174 178 136  70  49 110 183 185 186 187 186 187 188 187 190 192
 171 135  58  44  49  88 181 182 183 187 186 187 184 180 189 192
 167  69  44  71 160 173 178 182 182 185 185 185 113  62 176 189
 137  48  48 159 174 179 180 182 180 184 185 183  68  45 160 187
 133  41  52 148 171 172 177 176 177 180 182 180  67  43 147 188
 153  51  39  39  46  52  67  76  90  91  97  92  55  46 148 186
 176 157  81  58  38  40  38  42  41  41  42  39  41  45 143 185
 171 180 179 180 173 153 135 126 110 104  95  93  43  42 138 184
 166 173 175 176 177 178 180 181 181 182 182 168  55  44 125 182
 163 170 171 174 175 175 177 178 178 178 179 175  61  52 148 180
 163 169 168 170 173 175 173 174 174 176 178 179 170 162 177 177
 127 131 138 145 151 149 144 143 137 144 155 153 149 146 140 139
 152 157 149 149 152 154 159 163 164 167 173 178 181 161 165 170
 186 189 191 193 193 193 193 193 193 192 192 192 192 192 194 201
 186 186 188 191 189 189 191 191 189 189 189 189 189 190 191 197
 183 183 186 187 176 184 187 187 187 188 188 188 186 187 187 195
 181 183 138  75  60 121 185 185 185 185 185 185 185 185 186 191
 179 136  48  46  43  94 183 182 183 183 184 183 182 181 185 190
 179  60  43  67 150 173 180 181 181 181 182 182 107  64 177 189
 143  36  43 161 175 177 177 180 180 181 180 183  46  41 165 189
 133  43  50 160 174 173 175 177 175 179 180 181  46  41 147 189
 151  47  45  52  57  62  78  87 100 105 104  98  40  40 148 188
 174 144  77  56  43  43  41  44  44  43  42  40  41  39 147 185
 174 172 175 173 163 145 129 119 104  93  90  91  41  39 141 180
 170 171 172 173 175 175 173 173 174 175 176 168  38  39 119 179
 167 169 170 171 172 173 173 174 175 175 174 172  44  39 144 176
 165 166 167 168 170 171 171 172 172 173 173 172 155 147 175 174
 136 134 140 146 151 151 148 144 142 147 155 155 148 147 142 143
 162 170 157 154 155 159 167 169 170 179 182 185 188 168 169 170
 191 197 199 200 200 200 198 195 193 196 197 197 193 192 195 192
 192 193 195 195 198 198 196 194 191 191 192 191 191 190 192 189
 191 190 190 192 185 192 191 191 191 189 189 190 191 190 188 188
 188 188 151 100  84 144 187 189 189 187 189 188 189 189 186 187
 185 147  73  69  62 124 188 186 186 187 188 187 185 183 185 185
 181  79  65  83 157 183 185 184 182 184 184 184 119  94 177 184
 147  67  67 162 179 183 181 181 182 182 182 180  73  72 167 184
 137  64  84 160 178 179 180 179 182 182 183 175  69  63 156 184
 152  66  70  77  83  87 101 102 121 122 125 109  63  60 156 183
 175 148  91  79  67  69  67  67  73  65  66  67  63  69 154 180
 177 177 172 172 168 152 137 127 115 108  99 104  66  60 150 176
 175 175 174 177 176 174 173 176 173 172 175 162  64  63 135 172
 170 172 175 172 174 176 175 177 179 176 176 170  64  60 153 171
 168 171 173 169 170 173 176 173 173 174 174 174 156 151 175 170
 145 146 152 154 158 158 157 153 149 153 158 161 159 156 149 146

