 106 203 198 199 199 194 187 192 193 192 188 189 189 188 187 185
  97 205 198 198 198 194 171 162 195 197 194 194 191 191 188 187
  76 206 198 196 196 192  68  50 165 194 191 190 189 190 190 187
  68 197 194 195 193 188  56  45 139 194 189 189 190 187 187 184
  64 195 191 189 190 184  46  47 146 190 189 189 187 187 185 184
  75 196 188 187 189 180  54  44 149 184 185 185 184 186 185 184
  69 190 187 186 186 180  59  40 134 185 185 183 182 183 184 184
  57 186 185 185 182 179  59  40 131 183 182 179 181 180 180 181
  53 179 179 179 181 177  39  37 141 180 180 179 179 180 178 177
  48 179 177 177 177 164  39  34 155 179 179 177 178 178 177 177
  53 177 173 174 174 155  37  36 155 174 174 174 175 173 173 174
  65 173 170 172 169 147  34  38 158 171 170 169 169 167 169 169
  68 169 167 168 166 137  35  41 159 167 161 152 119  93 153 166
  67 168 164 166 165 121  33  42 111  90  72  46  38  43 123 165
  65 162 161 161 158 117  33  38  39  36  38  38  44  88 153 162
  65 158 157 159 158 147  77  57  68  89 106 125 144 157 157 160
 105 205 201 200 198 196 188 189 191 191 187 187 186 186 184 184
  91 201 197 195 195 194 176 167 196 193 193 191 190 189 188 186
  66 199 196 195 194 194  80  49 156 193 191 189 188 187 187 186
  59 194 194 194 193 194  68  47 134 189 189 187 188 187 186 185
  57 193 193 192 191 191  60  43 140 187 187 187 187 186 186 185
  66 192 189 189 188 185  68  47 143 184 186 186 186 186 187 185
  66 188 187 187 187 186  71  43 125 184 184 184 184 184 184 184
  57 187 185 185 184 183  70  41 126 182 183 182 182 182 181 181
  49 180 183 182 183 183  57  40 135 181 182 181 181 181 181 180
  45 179 180 180 180 170  53  40 149 179 180 179 179 179 178 177
  53 179 178 179 179 163  50  40 150 178 178 177 177 176 174 174
  64 177 177 177 175 159  46  39 152 174 174 173 173 172 172 171
  70 174 173 174 172 151  45  41 158 173 174 165 138 111 161 167
  64 170 170 171 170 141  43  42 117 107  88  61  43  43 116 164
  65 168 168 169 169 129  39  38  39  40  41  42  44  82 149 165
  64 164 165 165 165 159  83  47  57  77  92 120 144 160 161 163
 115 193 191 191 192 188 178 181 181 181 180 180 180 181 177 177
 100 195 197 195 192 190 175 171 194 191 189 188 186 188 185 184
  86 197 193 192 192 195 103  76 160 188 188 186 186 186 186 185
  74 190 191 192 191 194  90  70 136 186 188 186 187 185 187 185
  71 194 194 192 192 191  78  67 140 185 186 186 186 186 185 182
  84 193 191 190 190 186  83  67 146 182 183 185 185 184 181 181
  85 190 188 188 188 187  91  61 130 182 184 184 183 184 185 184
  71 188 187 188 187 187  95  65 131 181 185 182 183 183 180 181
  72 183 186 185 185 187  86  65 140 180 182 181 181 180 180 181
  65 181 183 183 183 174  81  63 147 179 180 181 181 179 178 177
  75 180 183 181 180 171  76  63 156 177 179 178 178 177 177 176
  86 179 182 180 180 169  74  58 155 176 176 176 175 171 174 173
  85 177 181 182 180 157  70  65 159 173 173 166 146 125 168 171
  86 177 180 179 177 149  67  65 130 125 111  85  74  69 123 166
  82 177 178 176 171 143  66  67  65  60  64  57  63  97 152 165
  84 171 175 175 174 166  94  72  80  89 105 128 150 161 163 167

 185 187 187 184 184 184 184 181 177 177 174 169 166 165 162 160
 187 188 190 187 185 185 184 180 178 177 173 169 153 123 153 157
 188 191 190 187 187 186 183 180 180 178 173 167  93  43  88 157
 189 191 189 190 187 184 182 181 179 178 175 169 119  38  44 144
 189 194 190 189 189 185 183 179 179 177 174 169 152  46  38 125
 188 194 191 189 189 185 185 182 180 179 174 170 161  72  38 106
 192 197 194 194 190 184 185 183 180 179 174 171 167  90  36  89
 193 195 165 139 146 149 134 131 141 155 155 158 159 111  39  68
 192 162  50  45  47  44  40  40  37  34  36  38  41  42  38  57
 187 171  68  56  46  54  59  59  39  39  37  34  35  33  33  77
 194 194 192 188 184 180 180 179 177 164 155 147 137 121 117 147
 199 198 196 193 190 189 186 182 181 177 174 169 166 165 158 158
 199 198 196 195 189 187 186 185 179 177 174 172 168 166 161 159
 198 198 198 194 191 188 187 185 179 177 173 170 167 164 161 157
 203 205 206 197 195 196 190 186 179 179 177 173 169 168 162 158
 106  97  76  68  64  75  69  57  53  48  53  65  68  67  65  65
 184 186 186 185 185 185 184 181 180 177 174 171 167 164 165 163
 184 188 187 186 186 187 184 181 181 178 174 172 161 116 149 161
 186 189 187 187 186 186 184 182 181 179 176 172 111  43  82 160
 186 190 188 188 187 186 184 182 181 179 177 173 138  43  44 144
 187 191 189 187 187 186 184 182 181 179 177 173 165  61  42 120
 187 193 191 189 187 186 184 183 182 180 178 174 174  88  41  92
 191 193 193 189 187 184 184 182 181 179 178 174 173 107  40  77
 191 196 156 134 140 143 125 126 135 149 150 152 158 117  39  57
 189 167  49  47  43  47  43  41  40  40  40  39  41  42  38  47
 188 176  80  68  60  68  71  70  57  53  50  46  45  43  39  83
 196 194 194 194 191 185 186 183 183 170 163 159 151 141 129 159
 198 195 194 193 191 188 187 184 183 180 179 175 172 170 169 165
 200 195 195 194 192 189 187 185 182 180 179 177 174 171 169 165
 201 197 196 194 193 189 187 185 183 180 178 177 173 170 168 165
 205 201 199 194 193 192 188 187 180 179 179 177 174 170 168 164
 105  91  66  59  57  66  66  57  49  45  53  64  70  64  65  64
 177 184 185 185 182 181 184 181 181 177 176 173 171 166 165 167
 177 185 186 187 185 181 185 180 180 178 177 174 168 123 152 163
 181 188 186 185 186 184 184 183 180 179 177 171 125  69  97 161
 180 186 186 187 186 185 183 183 181 181 178 175 146  74  63 150
 180 188 186 186 186 185 184 182 181 181 178 176 166  85  57 128
 180 189 188 188 186 183 184 185 182 180 179 176 173 111  64 105
 181 191 188 186 185 182 182 181 180 179 177 176 173 125  60  89
 181 194 160 136 140 146 130 131 140 147 156 155 159 130  65  80
 181 171  76  70  67  67  61  65  65  63  63  58  65  65  67  72
 178 175 103  90  78  83  91  95  86  81  76  74  70  67  66  94
 188 190 195 194 191 186 187 187 187 174 171 169 157 149 143 166
 192 192 192 191 192 190 188 187 185 183 180 180 180 177 171 174
 191 195 192 192 192 190 188 188 185 183 181 180 182 179 176 175
 191 197 193 191 194 191 188 187 186 183 183 182 181 180 178 175
 193 195 197 190 194 193 190 188 183 181 180 179 177 177 177 171
 115 100  86  74  71  84  85  71  72  65  75  86  85  86  82  84

 160 157 157 144 125 106  89  68  57  77 147 158 159 157 158  65
 162 153  88  44  38  38  36  39  38  33 117 158 161 161 162  65
 165 123  43  38  46  72  90 111  42  33 121 165 166 164 168  67
 166 153  93 119 152 161 167 159  41  35 137 166 168 167 169  68
 169 169 167 169 169 170 171 158  38  34 147 169 172 170 173  65
 174 173 173 175 174 174 174 155  36  37 155 174 174 173 177  53
 177 177 178 178 177 179 179 155  34  39 164 177 177 177 179  48
 177 178 180 179 179 180 180 141  37  39 177 181 179 179 179  53
 181 180 180 181 179 182 183 131  40  59 179 182 185 185 186  57
 184 184 183 182 183 185 185 134  40  59 180 186 186 187 190  69
 184 185 186 184 185 185 184 149  44  54 180 189 187 188 196  75
 184 185 187 187 189 189 190 146  47  46 184 190 189 191 195  64
 184 187 187 190 189 189 194 139  45  56 188 193 195 194 197  68
 187 190 190 189 190 191 194 165  50  68 192 196 196 198 206  76
 187 188 191 191 194 194 197 195 162 171 194 198 198 198 205  97
 185 187 188 189 189 188 192 193 192 187 194 199 199 198 203 106
 163 161 160 144 120  92  77  57  47  83 159 165 165 165 164  64
 165 149  82  44  42  41  40  39  38  39 129 169 169 168 168  65
 164 116  43  43  61  88 107 117  42  43 141 170 171 170 170  64
 167 161 111 138 165 174 173 158  41  45 151 172 174 173 174  70
 171 172 172 173 173 174 174 152  39  46 159 175 177 177 177  64
 174 174 176 177 177 178 178 150  40  50 163 179 179 178 179  53
 177 178 179 179 179 180 179 149  40  53 170 180 180 180 179  45
 180 181 181 181 181 182 181 135  40  57 183 183 182 183 180  49
 181 181 182 182 182 183 182 126  41  70 183 184 185 185 187  57
 184 184 184 184 184 184 184 125  43  71 186 187 187 187 188  66
 185 187 186 186 186 186 184 143  47  68 185 188 189 189 192  66
 185 186 186 187 187 187 187 140  43  60 191 191 192 193 193  57
 185 186 187 188 187 189 189 134  47  68 194 193 194 194 194  59
 186 187 187 188 189 191 193 156  49  80 194 194 195 196 199  66
 186 188 189 190 191 193 193 196 167 176 194 195 195 197 201  91
 184 184 186 186 187 187 191 191 189 188 196 198 200 201 205 105
 167 163 161 150 128 105  89  80  72  94 166 174 175 175 171  84
 165 152  97  63  57  64  60  65  67  66 143 171 176 178 177  82
 166 123  69  74  85 111 125 130  65  67 149 177 179 180 177  86
 171 168 125 146 166 173 173 159  65  70 157 180 182 181 177  85
 173 174 171 175 176 176 176 155  58  74 169 180 180 182 179  86
 176 177 177 178 178 179 177 156  63  76 171 180 181 183 180  75
 177 178 179 181 181 180 179 147  63  81 174 183 183 183 181  65
 181 180 180 181 181 182 180 140  65  86 187 185 185 186 183  72
 181 180 183 183 182 185 181 131  65  95 187 187 188 187 188  71
 184 185 184 183 184 184 182 130  61  91 187 188 188 188 190  85
 181 181 184 185 185 183 182 146  67  83 186 190 190 191 193  84
 182 185 186 186 186 186 185 140  67  78 191 192 192 194 194  71
 185 187 185 187 186 188 186 136  70  90 194 191 192 191 190  74
 185 186 186 186 186 188 188 160  76 103 195 192 192 193 197  86
 184 185 188 186 188 189 191 194 171 175 190 192 195 197 195 100
 177 177 181 180 180 180 181 181 181 178 188 192 191 191 193 115

  65  65  67  68  65  53  48  53  57  69  75  64  68  76  97 106
 158 162 168 169 173 177 179 179 186 190 196 195 197 206 205 203
 157 161 164 167 170 173 177 179 185 187 188 191 194 198 198 198
 159 161 166 168 172 174 177 179 185 186 187 189 195 196 198 199
 158 158 165 166 169 174 177 181 182 186 189 190 193 196 198 199
 147 117 121 137 147 155 164 177 179 180 180 184 188 192 194 194
  77  33  33  35  34  37  39  39  59  59  54  46  56  68 171 187
  57  38  42  41  38  36  34  37  40  40  44  47  45  50 162 192
  68  39 111 159 158 155 155 141 131 134 149 146 139 165 195 193
  89  36  90 167 171 174 179 180 183 185 184 190 194 194 197 192
 106  38  72 161 170 174 179 180 182 185 185 189 189 191 194 188
 125  38  46 152 169 174 177 179 179 183 185 189 189 190 194 189
 144  44  38 119 169 175 178 179 181 182 184 187 190 189 191 189
 157  88  43  93 167 173 178 180 180 183 186 187 187 190 191 188
 157 153 123 153 169 173 177 178 180 184 185 185 187 190 188 187
 160 162 165 166 169 174 177 177 181 184 184 184 184 187 187 185
  64  65  64  70  64  53  45  49  57  66  66  57  59  66  91 105
 164 168 170 174 177 179 179 180 187 188 192 193 194 199 201 205
 165 168 170 173 177 178 180 183 185 187 189 193 194 196 197 201
 165 169 171 174 177 179 180 182 185 187 189 192 194 195 195 200
 165 169 170 172 175 179 180 183 184 187 188 191 193 194 195 198
 159 129 141 151 159 163 170 183 183 186 185 191 194 194 194 196
  83  39  43  45  46  50  53  57  70  71  68  60  68  80 176 188
  47  38  42  41  39  40  40  40  41  43  47  43  47  49 167 189
  57  39 117 158 152 150 149 135 126 125 143 140 134 156 196 191
  77  40 107 173 174 178 179 181 182 184 184 187 189 193 193 191
  92  41  88 174 174 178 180 182 183 184 186 187 189 191 193 187
 120  42  61 165 173 177 179 181 182 184 186 187 187 189 191 187
 144  44  43 138 173 177 179 181 182 184 186 187 188 188 190 186
 160  82  43 111 172 176 179 181 182 184 186 186 187 187 189 186
 161 149 116 161 172 174 178 181 181 184 187 186 186 187 188 184
 163 165 164 167 171 174 177 180 181 184 185 185 185 186 186 184
  84  82  86  85  86  75  65  72  71  85  84  71  74  86 100 115
 171 177 177 177 179 180 181 183 188 190 193 194 190 197 195 193
 175 178 180 181 182 183 183 186 187 188 191 194 191 193 197 191
 175 176 179 182 180 181 183 185 188 188 190 192 192 192 195 191
 174 171 177 180 180 180 183 185 187 188 190 192 191 192 192 192
 166 143 149 157 169 171 174 187 187 187 186 191 194 195 190 188
  94  66  67  70  74  76  81  86  95  91  83  78  90 103 175 178
  72  67  65  65  58  63  63  65  65  61  67  67  70  76 171 181
  80  65 130 159 155 156 147 140 131 130 146 140 136 160 194 181
  89  60 125 173 176 177 179 180 181 182 182 185 186 188 191 181
 105  64 111 173 176 179 180 182 185 184 183 186 188 188 189 180
 128  57  85 166 176 178 181 181 182 184 185 186 186 186 188 180
 150  63  74 146 175 178 181 181 183 183 185 186 187 186 186 180
 161  97  69 125 171 177 179 180 183 184 184 186 185 186 188 181
 163 152 123 168 174 177 178 180 180 185 181 185 187 186 185 177
 167 165 166 171 173 176 177 181 181 184 181 182 185 185 184 177

