 144 140 141 137 133  74  26  32  32  31  31  63 118 114 107  98
 143 142 143 141 112 112 129 121 111 105 106 120 138 140 136 133
 144 143 146 135  23  24 110 143 143 141  90  17  56 141 137 133
 147 148 145  86  17  25  63 144 145 146  38  17  19 141 142 137
 132 148 145  43  21  22  38 145 145 130  15  17  19 125 144 142
 139 143 148  25  23  24  27 137 144  92  19  18  21 113 140 140
 144 146 140  25  21  23  25 118 146  75  22  18  23  94 142 137
 150 142 105  22  23  23  23  94 146  32  25  25  23  78 148 140
 147 142  70  25  40  44  25  64 108  14  22  74  22  48 151 140
 134 148  44  22  85  81  23  43  58  17  49 138  17  33 150 140
 131 138  21  20  94 115  22  22  26  24 108 147  15  22 126 134
 145  93  26  22 134 146  27  20  21  21 129 148  51  22  91 130
 144  70  24  34 155 152  59  26  24  46 157 150  65  24  50 135
 150  79  30  67 156 152 101  25  23 122 154 152  88  27  26 123
 148  98  34 103 155 153 148  45  46 151 153 150 124  25  23 127
 131 157 147 152 153 152 155 156 160 154 154 150 150 121 121 145
 150 156 155 150 144  75  10  19  16  13  16  55 128 127 116 102
 152 153 152 151 124 120 136 127 113 106 113 132 152 148 145 146
 154 154 152 142  19  14 106 152 149 149  97  12  50 148 146 143
 149 155 153  96  14  21  57 150 150 153  39  15  19 146 148 147
 137 154 156  47  14  17  33 152 151 136  16  16  19 122 147 147
 141 155 156  23  19  19  19 139 151  98  17  19  22 111 148 146
 147 156 150  22  20  20  21 114 152  77  15  17  18  86 149 146
 153 155 118  19  22  19  20  94 153  33  19  22  20  73 150 146
 155 155  77  20  32  33  19  56 117  11  15  64  21  47 154 144
 138 156  43  20  82  82  18  34  60  15  42 144  18  26 147 143
 135 145  19  22  95 124  22  22  23  20 104 155  17  15 120 142
 143  98  20  21 134 152  26  19  22  21 128 156  49  16  88 134
 145  69  19  29 156 155  61  23  24  42 158 154  68  23  43 136
 150  79  22  57 159 153 102  21  20 112 155 153  94  23  22 127
 148  97  23  91 157 155 150  36  36 152 157 154 130  22  19 123
 135 165 158 160 158 155 158 160 161 156 157 153 152 123 118 156
 147 157 157 151 151  92  25  27  29  31  29  67 130 124 117 111
 156 157 159 155 127 126 134 127 121 116 123 133 152 154 146 146
 157 160 158 149  33  23 113 154 154 149 104  25  60 150 147 145
 155 158 157 100  23  28  68 157 155 153  49  25  25 149 150 148
 142 159 159  54  26  19  40 154 155 137  21  25  22 124 149 147
 150 158 156  34  25  28  35 141 152 100  23  25  27 116 147 147
 156 156 149  33  26  27  32 120 152  83  26  24  34  99 149 145
 158 155 118  24  28  32  35  99 153  41  27  27  27  77 149 148
 158 154  78  30  51  56  31  63 120  22  24  64  22  50 155 147
 140 156  53  29  90  93  30  41  70  23  49 142  22  30 145 145
 134 146  33  24  93 122  27  23  32  33 110 154  29  25 125 143
 141 102  31  22 133 152  30  21  24  27 130 157  57  26  91 135
 143  78  29  34 158 156  66  28  28  45 157 154  73  29  49 138
 150  85  31  63 159 153 103  28  29 115 154 156  97  29  29 127
 149 102  35  97 154 155 150  48  49 154 157 154 134  31  21 126
 136 164 152 158 158 155 154 152 157 154 157 153 152 120 114 152

  98 133 133 137 142 140 137 140 140 140 134 130 135 123 127 145
 107 136 137 142 144 140 142 148 151 150 126  91  50  26  23 121
 114 140 141 141 125 113  94  78  48  33  22  22  24  27  25 121
 118 138  56  19  19  21  23  23  22  17  15  51  65  88 124 150
  63 120  17  17  17  18  18  25  74 138 147 148 150 152 150 150
  31 106  90  38  15  19  22  25  22  49 108 129 157 154 153 154
  31 105 141 146 130  92  75  32  14  17  24  21  46 122 151 154
  32 111 143 145 145 144 146 146 108  58  26  21  24  23  46 160
  32 121 143 144 145 137 118  94  64  43  22  20  26  25  45 156
  26 129 110  63  38  27  25  23  25  23  22  27  59 101 148 155
  74 112  24  25  22  24  23  23  44  81 115 146 152 152 153 152
 133 112  23  17  21  23  21  23  40  85  94 134 155 156 155 153
 137 141 135  86  43  25  25  22  25  22  20  22  34  67 103 152
 141 143 146 145 145 148 140 105  70  44  21  26  24  30  34 147
 140 142 143 148 148 143 146 142 142 148 138  93  70  79  98 157
 144 143 144 147 132 139 144 150 147 134 131 145 144 150 148 131
 102 146 143 147 147 146 146 146 144 143 142 134 136 127 123 156
 116 145 146 148 147 148 149 150 154 147 120  88  43  22  19 118
 127 148 148 146 122 111  86  73  47  26  15  16  23  23  22 123
 128 152  50  19  19  22  18  20  21  18  17  49  68  94 130 152
  55 132  12  15  16  19  17  22  64 144 155 156 154 153 154 153
  16 113  97  39  16  17  15  19  15  42 104 128 158 155 157 157
  13 106 149 153 136  98  77  33  11  15  20  21  42 112 152 156
  16 113 149 150 151 151 152 153 117  60  23  22  24  20  36 161
  19 127 152 150 152 139 114  94  56  34  22  19  23  21  36 160
  10 136 106  57  33  19  21  20  19  18  22  26  61 102 150 158
  75 120  14  21  17  19  20  19  33  82 124 152 155 153 155 155
 144 124  19  14  14  19  20  22  32  82  95 134 156 159 157 158
 150 151 142  96  47  23  22  19  20  20  22  21  29  57  91 160
 155 152 152 153 156 156 150 118  77  43  19  20  19  22  23 158
 156 153 154 155 154 155 156 155 155 156 145  98  69  79  97 165
 150 152 154 149 137 141 147 153 155 138 135 143 145 150 148 135
 111 146 145 148 147 147 145 148 147 145 143 135 138 127 126 152
 117 146 147 150 149 147 149 149 155 145 125  91  49  29  21 114
 124 154 150 149 124 116  99  77  50  30  25  26  29  29  31 120
 130 152  60  25  22  27  34  27  22  22  29  57  73  97 134 152
  67 133  25  25  25  25  24  27  64 142 154 157 154 156 154 153
  29 123 104  49  21  23  26  27  24  49 110 130 157 154 157 157
  31 116 149 153 137 100  83  41  22  23  33  27  45 115 154 154
  29 121 154 155 155 152 152 153 120  70  32  24  28  29  49 157
  27 127 154 157 154 141 120  99  63  41  23  21  28  28  48 152
  25 134 113  68  40  35  32  35  31  30  27  30  66 103 150 154
  92 126  23  28  19  28  27  32  56  93 122 152 156 153 155 155
 151 127  33  23  26  25  26  28  51  90  93 133 158 159 154 158
 151 155 149 100  54  34  33  24  30  29  24  22  34  63  97 158
 157 159 158 157 159 156 149 118  78  53  33  31  29  31  35 152
 157 157 160 158 159 158 156 155 154 156 146 102  78  85 102 164
 147 156 157 155 142 150 156 158 158 140 134 141 143 150 149 136

 145 121 121 150 150 154 154 160 156 155 152 153 152 147 157 131
 127  23  25 124 150 153 151  46  45 148 153 155 103  34  98 148
 123  26  27  88 152 154 122  23  25 101 152 156  67  30  79 150
 135  50  24  65 150 157  46  24  26  59 152 155  34  24  70 144
 130  91  22  51 148 129  21  21  20  27 146 134  22  26  93 145
 134 126  22  15 147 108  24  26  22  22 115  94  20  21 138 131
 140 150  33  17 138  49  17  58  43  23  81  85  22  44 148 134
 140 151  48  22  74  22  14 108  64  25  44  40  25  70 142 147
 140 148  78  23  25  25  32 146  94  23  23  23  22 105 142 150
 137 142  94  23  18  22  75 146 118  25  23  21  25 140 146 144
 140 140 113  21  18  19  92 144 137  27  24  23  25 148 143 139
 142 144 125  19  17  15 130 145 145  38  22  21  43 145 148 132
 137 142 141  19  17  38 146 145 144  63  25  17  86 145 148 147
 133 137 141  56  17  90 141 143 143 110  24  23 135 146 143 144
 133 136 140 138 120 106 105 111 121 129 112 112 141 143 142 143
  98 107 114 118  63  31  31  32  32  26  74 133 137 141 140 144
 156 118 123 152 153 157 156 161 160 158 155 158 160 158 165 135
 123  19  22 130 154 157 152  36  36 150 155 157  91  23  97 148
 127  22  23  94 153 155 112  20  21 102 153 159  57  22  79 150
 136  43  23  68 154 158  42  24  23  61 155 156  29  19  69 145
 134  88  16  49 156 128  21  22  19  26 152 134  21  20  98 143
 142 120  15  17 155 104  20  23  22  22 124  95  22  19 145 135
 143 147  26  18 144  42  15  60  34  18  82  82  20  43 156 138
 144 154  47  21  64  15  11 117  56  19  33  32  20  77 155 155
 146 150  73  20  22  19  33 153  94  20  19  22  19 118 155 153
 146 149  86  18  17  15  77 152 114  21  20  20  22 150 156 147
 146 148 111  22  19  17  98 151 139  19  19  19  23 156 155 141
 147 147 122  19  16  16 136 151 152  33  17  14  47 156 154 137
 147 148 146  19  15  39 153 150 150  57  21  14  96 153 155 149
 143 146 148  50  12  97 149 149 152 106  14  19 142 152 154 154
 146 145 148 152 132 113 106 113 127 136 120 124 151 152 153 152
 102 116 127 128  55  16  13  16  19  10  75 144 150 155 156 150
 152 114 120 152 153 157 154 157 152 154 155 158 158 152 164 136
 126  21  31 134 154 157 154  49  48 150 155 154  97  35 102 149
 127  29  29  97 156 154 115  29  28 103 153 159  63  31  85 150
 138  49  29  73 154 157  45  28  28  66 156 158  34  29  78 143
 135  91  26  57 157 130  27  24  21  30 152 133  22  31 102 141
 143 125  25  29 154 110  33  32  23  27 122  93  24  33 146 134
 145 145  30  22 142  49  23  70  41  30  93  90  29  53 156 140
 147 155  50  22  64  24  22 120  63  31  56  51  30  78 154 158
 148 149  77  27  27  27  41 153  99  35  32  28  24 118 155 158
 145 149  99  34  24  26  83 152 120  32  27  26  33 149 156 156
 147 147 116  27  25  23 100 152 141  35  28  25  34 156 158 150
 147 149 124  22  25  21 137 155 154  40  19  26  54 159 159 142
 148 150 149  25  25  49 153 155 157  68  28  23 100 157 158 155
 145 147 150  60  25 104 149 154 154 113  23  33 149 158 160 157
 146 146 154 152 133 123 116 121 127 134 126 127 155 159 157 156
 111 117 124 130  67  29  31  29  27  25  92 151 151 157 157 147

 131 148 150 144 145 131 134 147 150 144 139 132 147 144 143 144
 157  98  79  70  93 138 148 142 142 146 143 148 148 143 142 140
 147  34  30  24  26  21  44  70 105 140 148 145 145 146 143 141
 152 103  67  34  22  20  22  25  22  25  25  43  86 135 141 137
 153 155 156 155 134  94  85  40  23  21  23  21  17  23 112 133
 152 153 152 152 146 115  81  44  23  23  24  22  25  24 112  74
 155 148 101  59  27  22  23  25  23  25  27  38  63 110 129  26
 156  45  25  26  20  22  43  64  94 118 137 145 144 143 121  32
 160  46  23  24  21  26  58 108 146 146 144 145 145 143 111  32
 154 151 122  46  21  24  17  14  32  75  92 130 146 141 105  31
 154 153 154 157 129 108  49  22  25  22  19  15  38  90 106  31
 150 150 152 150 148 147 138  74  25  18  18  17  17  17 120  63
 150 124  88  65  51  15  17  22  23  23  21  19  19  56 138 118
 121  25  27  24  22  22  33  48  78  94 113 125 141 141 140 114
 121  23  26  50  91 126 150 151 148 142 140 144 142 137 136 107
 145 127 123 135 130 134 140 140 140 137 140 142 137 133 133  98
 135 148 150 145 143 135 138 155 153 147 141 137 149 154 152 150
 165  97  79  69  98 145 156 155 155 156 155 154 155 154 153 156
 158  23  22  19  20  19  43  77 118 150 156 156 153 152 152 155
 160  91  57  29  21  22  20  20  19  22  23  47  96 142 151 150
 158 157 159 156 134  95  82  32  22  20  19  14  14  19 124 144
 155 155 153 155 152 124  82  33  19  20  19  17  21  14 120  75
 158 150 102  61  26  22  18  19  20  21  19  33  57 106 136  10
 160  36  21  23  19  22  34  56  94 114 139 152 150 152 127  19
 161  36  20  24  22  23  60 117 153 152 151 151 150 149 113  16
 156 152 112  42  21  20  15  11  33  77  98 136 153 149 106  13
 157 157 155 158 128 104  42  15  19  15  17  16  39  97 113  16
 153 154 153 154 156 155 144  64  22  17  19  16  15  12 132  55
 152 130  94  68  49  17  18  21  20  18  22  19  19  50 152 128
 123  22  23  23  16  15  26  47  73  86 111 122 146 148 148 127
 118  19  22  43  88 120 147 154 150 149 148 147 148 146 145 116
 156 123 127 136 134 142 143 144 146 146 146 147 147 143 146 102
 136 149 150 143 141 134 140 158 158 156 150 142 155 157 156 147
 164 102  85  78 102 146 156 154 155 156 158 159 158 160 157 157
 152  35  31  29  31  33  53  78 118 149 156 159 157 158 159 157
 158  97  63  34  22  24  29  30  24  33  34  54 100 149 155 151
 158 154 159 158 133  93  90  51  28  26  25  26  23  33 127 151
 155 155 153 156 152 122  93  56  32  27  28  19  28  23 126  92
 154 150 103  66  30  27  30  31  35  32  35  40  68 113 134  25
 152  48  28  28  21  23  41  63  99 120 141 154 157 154 127  27
 157  49  29  28  24  32  70 120 153 152 152 155 155 154 121  29
 154 154 115  45  27  33  23  22  41  83 100 137 153 149 116  31
 157 157 154 157 130 110  49  24  27  26  23  21  49 104 123  29
 153 154 156 154 157 154 142  64  27  24  25  25  25  25 133  67
 152 134  97  73  57  29  22  22  27  34  27  22  25  60 152 130
 120  31  29  29  26  25  30  50  77  99 116 124 149 150 154 124
 114  21  29  49  91 125 145 155 149 149 147 149 150 147 146 117
 152 126 127 138 135 143 145 147 148 145 147 147 148 145 146 111

