 167 166 150  86  60  61  49  43  45  56 106 160 156 158 154 152
 172 167 139 142 154 161 163 155 149 143 174 165 154 156 162 165
 174 147  43  38 133 169 173 171 169 171 172 153  37  74 166 163
 165 126  40  30  49 161 175 173 175 175 172 140  38  42 164 161
 172 140  39  36  31  74 172 175 175 176 174 155  30  35 152 162
 176 153  38  38  30  30 111 174 174 176 172 157  36  33 150 158
 179 164  44  43  71  46  45 140 177 177 175 159  40  40 146 169
 178 176  40  37 139  82  42  55 154 176 176 163  37  33 142 173
 178 175  43  42 156 165  63  44  63 174 175 177  40  36 149 176
 186 171  49  45 160 182 158  54  38  77 170 178  40  38 146 177
 188 166  48  45 150 181 180 146  50  42  86 171  46  43 156 170
 187 169  48  45 151 184 184 182 137  47  46  65  50  41 166 169
 184 180  47  44 140 183 186 183 180 121  47  35  36  41 176 169
 181 162  51  48 154 184 182 184 183 181 121  45  44  46 169 174
 183 161  60  51 174 186 184 183 183 182 179 127  58  82 183 181
 190 187 136 146 182 187 185 186 185 184 182 177 176 177 181 179
 167 163 146  62  32  32  21  24  21  28  79 153 154 154 151 148
 165 162 136 138 145 152 151 142 136 131 159 157 149 152 156 162
 168 141  24  25 123 163 163 162 163 162 162 144  21  61 160 160
 163 115  21  23  40 156 162 163 164 164 163 130  22  28 154 153
 171 130  22  26  24  63 166 163 167 166 163 149  19  23 139 154
 171 141  17  26  24  22  99 166 165 167 164 149  21  23 139 153
 174 155  26  26  51  29  32 131 167 166 165 151  24  28 132 160
 171 166  29  30 131  70  28  42 150 167 166 155  23  26 131 166
 170 167  29  33 146 157  45  32  51 169 166 170  23  27 134 168
 176 163  30  31 148 170 147  43  27  66 163 171  24  23 131 166
 180 158  30  37 142 173 170 139  29  30  72 171  33  26 144 162
 182 163  32  33 133 176 173 174 125  30  30  61  34  27 152 162
 178 169  37  35 132 174 176 172 172 110  28  26  25  20 160 161
 177 154  40  41 142 176 176 173 172 171 111  30  30  28 155 164
 180 154  42  36 163 178 178 174 174 170 169 115  34  62 169 173
 183 178 118 130 178 179 177 177 176 174 170 167 167 166 171 173
 155 149 131  63  39  35  25  30  24  32  75 134 141 138 137 139
 155 148 123 123 133 138 138 127 125 120 147 146 138 140 147 150
 158 128  28  28 118 149 149 149 151 149 148 134  27  59 148 145
 147 102  21  25  40 144 149 150 153 153 149 120  29  32 147 143
 155 116  22  27  26  67 154 151 152 149 150 137  21  28 131 138
 161 129  21  30  27  31  97 151 152 157 153 139  22  25 131 136
 163 139  28  23  49  31  33 122 155 154 152 142  26  31 125 143
 161 152  32  30 120  64  30  45 141 154 152 144  29  27 126 153
 157 149  27  33 138 143  43  33  50 155 153 157  28  29 129 155
 162 142  31  32 135 155 132  42  30  68 152 159  27  26 126 154
 165 140  31  33 125 156 155 120  31  29  73 152  32  28 132 149
 169 149  31  31 120 158 158 159 112  28  33  60  37  28 138 151
 161 157  36  35 116 159 160 159 156  94  25  25  30  25 145 147
 163 140  36  37 130 160 159 159 158 154  98  31  32  28 145 152
 168 136  40  36 150 161 163 160 160 157 155 104  37  60 156 159
 171 161 105 117 160 162 161 163 161 157 155 152 148 149 157 160

 152 165 163 161 162 158 169 173 176 177 170 169 169 174 181 179
 154 162 166 164 152 150 146 142 149 146 156 166 176 169 183 181
 158 156  74  42  35  33  40  33  36  38  43  41  41  46  82 177
 156 154  37  38  30  36  40  37  40  40  46  50  36  44  58 176
 160 165 153 140 155 157 159 163 177 178 171  65  35  45 127 177
 106 174 172 172 174 172 175 176 175 170  86  46  47 121 179 182
  56 143 171 175 176 176 177 176 174  77  42  47 121 181 182 184
  45 149 169 175 175 174 177 154  63  38  50 137 180 183 183 185
  43 155 171 173 175 174 140  55  44  54 146 182 183 184 183 186
  49 163 173 175 172 111  45  42  63 158 180 184 186 182 184 185
  61 161 169 161  74  30  46  82 165 182 181 184 183 184 186 187
  60 154 133  49  31  30  71 139 156 160 150 151 140 154 174 182
  86 142  38  30  36  38  43  37  42  45  45  45  44  48  51 146
 150 139  43  40  39  38  44  40  43  49  48  48  47  51  60 136
 166 167 147 126 140 153 164 176 175 171 166 169 180 162 161 187
 167 172 174 165 172 176 179 178 178 186 188 187 184 181 183 190
 148 162 160 153 154 153 160 166 168 166 162 162 161 164 173 173
 151 156 160 154 139 139 132 131 134 131 144 152 160 155 169 171
 154 152  61  28  23  23  28  26  27  23  26  27  20  28  62 166
 154 149  21  22  19  21  24  23  23  24  33  34  25  30  34 167
 153 157 144 130 149 149 151 155 170 171 171  61  26  30 115 167
  79 159 162 163 163 164 165 166 166 163  72  30  28 111 169 170
  28 131 162 164 166 167 166 167 169  66  30  30 110 171 170 174
  21 136 163 164 167 165 167 150  51  27  29 125 172 172 174 176
  24 142 162 163 163 166 131  42  32  43 139 174 172 173 174 177
  21 151 163 162 166  99  32  28  45 147 170 173 176 176 178 177
  32 152 163 156  63  22  29  70 157 170 173 176 174 176 178 179
  32 145 123  40  24  24  51 131 146 148 142 133 132 142 163 178
  62 138  25  23  26  26  26  30  33  31  37  33  35  41  36 130
 146 136  24  21  22  17  26  29  29  30  30  32  37  40  42 118
 163 162 141 115 130 141 155 166 167 163 158 163 169 154 154 178
 167 165 168 163 171 171 174 171 170 176 180 182 178 177 180 183
 139 150 145 143 138 136 143 153 155 154 149 151 147 152 159 160
 137 147 148 147 131 131 125 126 129 126 132 138 145 145 156 157
 138 140  59  32  28  25  31  27  29  26  28  28  25  28  60 149
 141 138  27  29  21  22  26  29  28  27  32  37  30  32  37 148
 134 146 134 120 137 139 142 144 157 159 152  60  25  31 104 152
  75 147 148 149 150 153 152 152 153 152  73  33  25  98 155 155
  32 120 149 153 149 157 154 154 155  68  29  28  94 154 157 157
  24 125 151 153 152 152 155 141  50  30  31 112 156 158 160 161
  30 127 149 150 151 151 122  45  33  42 120 159 159 159 160 163
  25 138 149 149 154  97  33  30  43 132 155 158 160 159 163 161
  35 138 149 144  67  31  31  64 143 155 156 158 159 160 161 162
  39 133 118  40  26  27  49 120 138 135 125 120 116 130 150 160
  63 123  28  25  27  30  23  30  33  32  33  31  35  37  36 117
 131 123  28  21  22  21  28  32  27  31  31  31  36  36  40 105
 149 148 128 102 116 129 139 152 149 142 140 149 157 140 136 161
 155 155 158 147 155 161 163 161 157 162 165 169 161 163 168 171

 179 181 177 176 177 182 184 185 186 185 187 182 146 136 187 190
 181 183  82  58 127 179 182 183 183 184 186 174  51  60 161 183
 174 169  46  44  45 121 181 183 184 182 184 154  48  51 162 181
 169 176  41  36  35  47 121 180 183 186 183 140  44  47 180 184
 169 166  41  50  65  46  47 137 182 184 184 151  45  48 169 187
 170 156  43  46 171  86  42  50 146 180 181 150  45  48 166 188
 177 146  38  40 178 170  77  38  54 158 182 160  45  49 171 186
 176 149  36  40 177 175 174  63  44  63 165 156  42  43 175 178
 173 142  33  37 163 176 176 154  55  42  82 139  37  40 176 178
 169 146  40  40 159 175 177 177 140  45  46  71  43  44 164 179
 158 150  33  36 157 172 176 174 174 111  30  30  38  38 153 176
 162 152  35  30 155 174 176 175 175 172  74  31  36  39 140 172
 161 164  42  38 140 172 175 175 173 175 161  49  30  40 126 165
 163 166  74  37 153 172 171 169 171 173 169 133  38  43 147 174
 165 162 156 154 165 174 143 149 155 163 161 154 142 139 167 172
 152 154 158 156 160 106  56  45  43  49  61  60  86 150 166 167
 173 171 166 167 167 170 174 176 177 177 179 178 130 118 178 183
 173 169  62  34 115 169 170 174 174 178 178 163  36  42 154 180
 164 155  28  30  30 111 171 172 173 176 176 142  41  40 154 177
 161 160  20  25  26  28 110 172 172 176 174 132  35  37 169 178
 162 152  27  34  61  30  30 125 174 173 176 133  33  32 163 182
 162 144  26  33 171  72  30  29 139 170 173 142  37  30 158 180
 166 131  23  24 171 163  66  27  43 147 170 148  31  30 163 176
 168 134  27  23 170 166 169  51  32  45 157 146  33  29 167 170
 166 131  26  23 155 166 167 150  42  28  70 131  30  29 166 171
 160 132  28  24 151 165 166 167 131  32  29  51  26  26 155 174
 153 139  23  21 149 164 167 165 166  99  22  24  26  17 141 171
 154 139  23  19 149 163 166 167 163 166  63  24  26  22 130 171
 153 154  28  22 130 163 164 164 163 162 156  40  23  21 115 163
 160 160  61  21 144 162 162 163 162 163 163 123  25  24 141 168
 162 156 152 149 157 159 131 136 142 151 152 145 138 136 162 165
 148 151 154 154 153  79  28  21  24  21  32  32  62 146 163 167
 160 157 149 148 152 155 157 161 163 161 162 160 117 105 161 171
 159 156  60  37 104 155 157 160 160 163 161 150  36  40 136 168
 152 145  28  32  31  98 154 158 159 159 160 130  37  36 140 163
 147 145  25  30  25  25  94 156 159 160 159 116  35  36 157 161
 151 138  28  37  60  33  28 112 159 158 158 120  31  31 149 169
 149 132  28  32 152  73  29  31 120 155 156 125  33  31 140 165
 154 126  26  27 159 152  68  30  42 132 155 135  32  31 142 162
 155 129  29  28 157 153 155  50  33  43 143 138  33  27 149 157
 153 126  27  29 144 152 154 141  45  30  64 120  30  32 152 161
 143 125  31  26 142 152 154 155 122  33  31  49  23  28 139 163
 136 131  25  22 139 153 157 152 151  97  31  27  30  21 129 161
 138 131  28  21 137 150 149 152 151 154  67  26  27  22 116 155
 143 147  32  29 120 149 153 153 150 149 144  40  25  21 102 147
 145 148  59  27 134 148 149 151 149 149 149 118  28  28 128 158
 150 147 140 138 146 147 120 125 127 138 138 133 123 123 148 155
 139 137 138 141 134  75  32  24  30  25  35  39  63 131 149 155

 190 183 181 184 187 188 186 178 178 179 176 172 165 174 172 167
 187 161 162 180 169 166 171 175 176 164 153 140 126 147 167 166
 136  60  51  47  48  48  49  43  40  44  38  39  40  43 139 150
 146  51  48  44  45  45  45  42  37  43  38  36  30  38 142  86
 182 174 154 140 151 150 160 156 139  71  30  31  49 133 154  60
 187 186 184 183 184 181 182 165  82  46  30  74 161 169 161  61
 185 184 182 186 184 180 158  63  42  45 111 172 175 173 163  49
 186 183 184 183 182 146  54  44  55 140 174 175 173 171 155  43
 185 183 183 180 137  50  38  63 154 177 174 175 175 169 149  45
 184 182 181 121  47  42  77 174 176 177 176 176 175 171 143  56
 182 179 121  47  46  86 170 175 176 175 172 174 172 172 174 106
 177 127  45  35  65 171 178 177 163 159 157 155 140 153 165 160
 176  58  44  36  50  46  40  40  37  40  36  30  38  37 154 156
 177  82  46  41  41  43  38  36  33  40  33  35  42  74 156 158
 181 183 169 176 166 156 146 149 142 146 150 152 164 166 162 154
 179 181 174 169 169 170 177 176 173 169 158 162 161 163 165 152
 183 180 177 178 182 180 176 170 171 174 171 171 163 168 165 167
 178 154 154 169 163 158 163 167 166 155 141 130 115 141 162 163
 118  42  40  37  32  30  30  29  29  26  17  22  21  24 136 146
 130  36  41  35  33  37  31  33  30  26  26  26  23  25 138  62
 178 163 142 132 133 142 148 146 131  51  24  24  40 123 145  32
 179 178 176 174 176 173 170 157  70  29  22  63 156 163 152  32
 177 178 176 176 173 170 147  45  28  32  99 166 162 163 151  21
 177 174 173 172 174 139  43  32  42 131 166 163 163 162 142  24
 176 174 172 172 125  29  27  51 150 167 165 167 164 163 136  21
 174 170 171 110  30  30  66 169 167 166 167 166 164 162 131  28
 170 169 111  28  30  72 163 166 166 165 164 163 163 162 159  79
 167 115  30  26  61 171 171 170 155 151 149 149 130 144 157 153
 167  34  30  25  34  33  24  23  23  24  21  19  22  21 149 154
 166  62  28  20  27  26  23  27  26  28  23  23  28  61 152 154
 171 169 155 160 152 144 131 134 131 132 139 139 154 160 156 151
 173 173 164 161 162 162 166 168 166 160 153 154 153 160 162 148
 171 168 163 161 169 165 162 157 161 163 161 155 147 158 155 155
 161 136 140 157 149 140 142 149 152 139 129 116 102 128 148 149
 105  40  36  36  31  31  31  27  32  28  21  22  21  28 123 131
 117  36  37  35  31  33  32  33  30  23  30  27  25  28 123  63
 160 150 130 116 120 125 135 138 120  49  27  26  40 118 133  39
 162 161 160 159 158 156 155 143  64  31  31  67 144 149 138  35
 161 163 159 160 158 155 132  43  30  33  97 154 149 149 138  25
 163 160 159 159 159 120  42  33  45 122 151 151 150 149 127  30
 161 160 158 156 112  31  30  50 141 155 152 152 153 151 125  24
 157 157 154  94  28  29  68 155 154 154 157 149 153 149 120  32
 155 155  98  25  33  73 152 153 152 152 153 150 149 148 147  75
 152 104  31  25  60 152 159 157 144 142 139 137 120 134 146 134
 148  37  32  30  37  32  27  28  29  26  22  21  29  27 138 141
 149  60  28  25  28  28  26  29  27  31  25  28  32  59 140 138
 157 156 145 145 138 132 126 129 126 125 131 131 147 148 147 137
 160 159 152 147 151 149 154 155 153 143 136 138 143 145 150 139

