 179 221 211 201 196 196 200 196 191 189 188 188 187 187 188 183
 166 220 207 197 193 191 179 139 114 114 136 174 185 186 186 182
 158 217 208 199 186 119  54  38  40  43  44  50 110 177 184 180
 149 214 203 191 106  33  36  78 103 113  78  49  38  99 185 177
 146 213 202 134  30  38 118 192 194 188 183 132  42  41 169 177
 169 210 195  55  35  77 190 193 190 188 187 183  43  33 122 177
 161 203 162  32  40 165 192 191 189 187 185 180  67  36 128 178
 141 196 107  31  77 195 191 190 187 186 184 178  76  37 135 181
 130 194  70  31 101 190 187 187 185 183 181 175  58  37 145 179
 116 191  52  33 109 188 187 186 184 182 179 151  29  43 169 178
 103 189  74  38 107 183 183 181 179 178 176  97  29  76 184 178
  95 183 121  34  50 156 175 178 180 172 122  35  35 148 183 174
  91 181 174  68  39  46 101 133 131  83  33  37  99 181 180 174
  95 182 179 157  65  46  37  38  38  37  38  92 176 181 176 171
 119 180 178 178 164 107  80  73  71  91 142 181 179 175 175 165
 127 178 177 178 174 172 172 170 166 171 174 175 173 173 171 158
 165 213 203 198 196 196 196 195 192 193 191 188 188 189 188 186
 155 209 202 195 192 192 185 145 117 117 140 178 189 187 186 180
 144 208 201 194 192 131  58  38  37  39  36  38  98 179 185 181
 131 207 200 193 117  42  37  68  94 101  66  35  37  86 186 180
 129 206 200 144  40  35 104 184 190 188 186 133  36  35 156 178
 150 205 195  63  36  72 184 190 188 187 185 185  47  32 116 179
 146 200 168  40  38 153 191 188 187 185 183 182  79  40 121 179
 130 195 117  35  71 190 187 187 185 183 182 181  85  35 125 180
 114 192  81  34  94 190 186 185 184 182 180 179  70  34 133 177
 101 190  60  36 101 187 185 183 181 180 179 160  48  40 158 176
  94 189  79  32  96 187 182 181 180 178 177 109  36  64 173 178
  89 186 128  32  42 150 182 179 179 177 138  51  38 135 177 177
  83 182 179  63  33  38  94 137 143  98  47  39  94 173 177 177
  87 181 180 162  51  29  35  34  36  39  35  77 165 177 178 176
 110 182 181 181 172 104  71  59  58  78 125 171 177 175 176 172
 120 179 178 179 177 180 180 179 173 172 175 176 176 174 173 169
 169 206 206 200 195 195 194 193 192 193 193 194 192 190 187 186
 158 206 205 200 196 195 189 161 135 133 150 181 195 190 190 191
 149 205 203 198 193 142  86  59  54  56  55  63 120 181 187 189
 143 208 206 197 139  69  59  84  98 111  86  57  54  94 183 188
 137 208 202 157  71  55 114 185 191 191 189 141  60  52 159 186
 157 207 200  93  61  88 186 195 196 191 189 189  65  52 125 181
 153 200 179  67  57 156 193 197 196 192 191 190  99  60 130 181
 144 196 132  57  81 192 193 194 194 193 191 187 106  60 134 182
 124 195 105  56 100 189 192 191 189 190 189 187  92  57 144 182
 116 194  87  62 113 188 190 190 191 191 187 174  73  62 164 180
 107 197 104  56 107 190 192 190 190 188 186 134  63  86 177 185
 102 190 141  54  58 160 190 187 187 185 149  73  50 137 179 185
  98 188 188  83  56  64 120 156 156 118  70  55  96 170 183 182
 100 189 191 168  67  55  54  53  68  55  55  97 170 185 185 181
 122 187 189 189 176 115  85  76  78  88 133 177 183 186 185 178
 130 186 188 192 189 185 183 177 172 177 180 183 183 183 184 183

 183 182 180 177 177 177 178 181 179 178 178 174 174 171 165 158
 188 186 184 185 169 122 128 135 145 169 184 183 180 176 175 171
 187 186 177  99  41  33  36  37  37  43  76 148 181 181 175 173
 187 185 110  38  42  43  67  76  58  29  29  35  99 176 179 173
 188 174  50  49 132 183 180 178 175 151  97  35  37  92 181 175
 188 136  44  78 183 187 185 184 181 179 176 122  33  38 142 174
 189 114  43 113 188 188 187 186 183 182 178 172  83  37  91 171
 191 114  40 103 194 190 189 187 185 184 179 180 131  38  71 166
 196 139  38  78 192 193 191 190 187 186 181 178 133  38  73 170
 200 179  54  36 118 190 192 191 187 187 183 175 101  37  80 172
 196 191 119  33  38  77 165 195 190 188 183 156  46  46 107 172
 196 193 186 106  30  35  40  77 101 109 107  50  39  65 164 174
 201 197 199 191 134  55  32  31  31  33  38  34  68 157 178 178
 211 207 208 203 202 195 162 107  70  52  74 121 174 179 178 177
 221 220 217 214 213 210 203 196 194 191 189 183 181 182 180 178
 179 166 158 149 146 169 161 141 130 116 103  95  91  95 119 127
 186 180 181 180 178 179 179 180 177 176 178 177 177 176 172 169
 188 186 185 186 156 116 121 125 133 158 173 177 177 178 176 173
 189 187 179  86  35  32  40  35  34  40  64 135 173 177 175 174
 188 189  98  37  36  47  79  85  70  48  36  38  94 165 177 176
 188 178  38  35 133 185 182 181 179 160 109  51  39  77 171 176
 191 140  36  66 186 185 183 182 180 179 177 138  47  35 125 175
 193 117  39 101 188 187 185 183 182 180 178 177  98  39  78 172
 192 117  37  94 190 188 187 185 184 181 180 179 143  36  58 173
 195 145  38  68 184 190 188 187 185 183 181 179 137  34  59 179
 196 185  58  37 104 184 191 187 186 185 182 182  94  35  71 180
 196 192 131  42  35  72 153 190 190 187 187 150  38  29 104 180
 196 192 192 117  40  36  38  71  94 101  96  42  33  51 172 177
 198 195 194 193 144  63  40  35  34  36  32  32  63 162 181 179
 203 202 201 200 200 195 168 117  81  60  79 128 179 180 181 178
 213 209 208 207 206 205 200 195 192 190 189 186 182 181 182 179
 165 155 144 131 129 150 146 130 114 101  94  89  83  87 110 120
 186 191 189 188 186 181 181 182 182 180 185 185 182 181 178 183
 187 190 187 183 159 125 130 134 144 164 177 179 183 185 185 184
 190 190 181  94  52  52  60  60  57  62  86 137 170 185 186 183
 192 195 120  54  60  65  99 106  92  73  63  50  96 170 183 183
 194 181  63  57 141 189 190 187 187 174 134  73  55  97 177 183
 193 150  55  86 189 189 191 191 189 187 186 149  70  55 133 180
 193 133  56 111 191 191 192 193 190 191 188 185 118  55  88 177
 192 135  54  98 191 196 196 194 189 191 190 187 156  68  78 172
 193 161  59  84 185 195 197 194 191 190 190 187 156  53  76 177
 194 189  86  59 114 186 193 193 192 190 192 190 120  54  85 183
 195 195 142  69  55  88 156 192 189 188 190 160  64  55 115 185
 195 196 193 139  71  61  57  81 100 113 107  58  56  67 176 189
 200 200 198 197 157  93  67  57  56  62  56  54  83 168 189 192
 206 205 203 206 202 200 179 132 105  87 104 141 188 191 189 188
 206 206 205 208 208 207 200 196 195 194 197 190 188 189 187 186
 169 158 149 143 137 157 153 144 124 116 107 102  98 100 122 130

 158 171 173 173 175 174 171 166 170 172 172 174 178 177 178 127
 165 175 175 179 181 142  91  71  73  80 107 164 178 178 180 119
 171 176 181 176  92  38  37  38  38  37  46  65 157 179 182  95
 174 180 181  99  37  33  83 131 133 101  46  39  68 174 181  91
 174 183 148  35  35 122 172 180 178 175 156  50  34 121 183  95
 178 184  76  29  97 176 178 179 181 183 183 107  38  74 189 103
 178 169  43  29 151 179 182 184 186 187 188 109  33  52 191 116
 179 145  37  58 175 181 183 185 187 187 190 101  31  70 194 130
 181 135  37  76 178 184 186 187 190 191 195  77  31 107 196 141
 178 128  36  67 180 185 187 189 191 192 165  40  32 162 203 161
 177 122  33  43 183 187 188 190 193 190  77  35  55 195 210 169
 177 169  41  42 132 183 188 194 192 118  38  30 134 202 213 146
 177 185  99  38  49  78 113 103  78  36  33 106 191 203 214 149
 180 184 177 110  50  44  43  40  38  54 119 186 199 208 217 158
 182 186 186 185 174 136 114 114 139 179 191 193 197 207 220 166
 183 188 187 187 188 188 189 191 196 200 196 196 201 211 221 179
 169 173 174 176 176 175 172 173 179 180 180 177 179 178 179 120
 172 176 175 177 171 125  78  58  59  71 104 172 181 181 182 110
 176 178 177 165  77  35  39  36  34  35  29  51 162 180 181  87
 177 177 173  94  39  47  98 143 137  94  38  33  63 179 182  83
 177 177 135  38  51 138 177 179 179 182 150  42  32 128 186  89
 178 173  64  36 109 177 178 180 181 182 187  96  32  79 189  94
 176 158  40  48 160 179 180 181 183 185 187 101  36  60 190 101
 177 133  34  70 179 180 182 184 185 186 190  94  34  81 192 114
 180 125  35  85 181 182 183 185 187 187 190  71  35 117 195 130
 179 121  40  79 182 183 185 187 188 191 153  38  40 168 200 146
 179 116  32  47 185 185 187 188 190 184  72  36  63 195 205 150
 178 156  35  36 133 186 188 190 184 104  35  40 144 200 206 129
 180 186  86  37  35  66 101  94  68  37  42 117 193 200 207 131
 181 185 179  98  38  36  39  37  38  58 131 192 194 201 208 144
 180 186 187 189 178 140 117 117 145 185 192 192 195 202 209 155
 186 188 189 188 188 191 193 192 195 196 196 196 198 203 213 165
 183 184 183 183 183 180 177 172 177 183 185 189 192 188 186 130
 178 185 186 183 177 133  88  78  76  85 115 176 189 189 187 122
 181 185 185 170  97  55  55  68  53  54  55  67 168 191 189 100
 182 183 170  96  55  70 118 156 156 120  64  56  83 188 188  98
 185 179 137  50  73 149 185 187 187 190 160  58  54 141 190 102
 185 177  86  63 134 186 188 190 190 192 190 107  56 104 197 107
 180 164  62  73 174 187 191 191 190 190 188 113  62  87 194 116
 182 144  57  92 187 189 190 189 191 192 189 100  56 105 195 124
 182 134  60 106 187 191 193 194 194 193 192  81  57 132 196 144
 181 130  60  99 190 191 192 196 197 193 156  57  67 179 200 153
 181 125  52  65 189 189 191 196 195 186  88  61  93 200 207 157
 186 159  52  60 141 189 191 191 185 114  55  71 157 202 208 137
 188 183  94  54  57  86 111  98  84  59  69 139 197 206 208 143
 189 187 181 120  63  55  56  54  59  86 142 193 198 203 205 149
 191 190 190 195 181 150 133 135 161 189 195 196 200 205 206 158
 186 187 190 192 194 193 193 192 193 194 195 195 200 206 206 169

 127 119  95  91  95 103 116 130 141 161 169 146 149 158 166 179
 178 180 182 181 183 189 191 194 196 203 210 213 214 217 220 221
 177 178 179 174 121  74  52  70 107 162 195 202 203 208 207 211
 178 178 157  68  34  38  33  31  31  32  55 134 191 199 197 201
 174 164  65  39  50 107 109 101  77  40  35  30 106 186 193 196
 172 107  46  46 156 183 188 190 195 165  77  38  33 119 191 196
 172  80  37 101 175 183 187 187 191 192 190 118  36  54 179 200
 170  73  38 133 178 181 186 187 190 191 193 192  78  38 139 196
 166  71  38 131 180 179 184 185 187 189 190 194 103  40 114 191
 171  91  37  83 172 178 182 183 186 187 188 188 113  43 114 189
 174 142  38  33 122 176 179 181 184 185 187 183  78  44 136 188
 175 181  92  37  35  97 151 175 178 180 183 132  49  50 174 188
 173 179 176  99  35  29  29  58  76  67  43  42  38 110 185 187
 173 175 181 181 148  76  43  37  37  36  33  41  99 177 186 187
 171 175 176 180 183 184 169 145 135 128 122 169 185 184 186 188
 158 165 171 174 174 178 178 179 181 178 177 177 177 180 182 183
 120 110  87  83  89  94 101 114 130 146 150 129 131 144 155 165
 179 182 181 182 186 189 190 192 195 200 205 206 207 208 209 213
 178 181 180 179 128  79  60  81 117 168 195 200 200 201 202 203
 179 181 162  63  32  32  36  34  35  40  63 144 193 194 195 198
 177 172  51  33  42  96 101  94  71  38  36  40 117 192 192 196
 180 104  29  38 150 187 187 190 190 153  72  35  42 131 192 196
 180  71  35  94 182 182 185 186 187 191 184 104  37  58 185 196
 179  59  34 137 179 181 183 185 187 188 190 184  68  38 145 195
 173  58  36 143 179 180 181 184 185 187 188 190  94  37 117 192
 172  78  39  98 177 178 180 182 183 185 187 188 101  39 117 193
 175 125  35  47 138 177 179 180 182 183 185 186  66  36 140 191
 176 171  77  39  51 109 160 179 181 182 185 133  35  38 178 188
 176 177 165  94  38  36  48  70  85  79  47  36  37  98 189 188
 174 175 177 173 135  64  40  34  35  40  32  35  86 179 187 189
 173 176 178 177 177 173 158 133 125 121 116 156 186 185 186 188
 169 172 176 177 177 178 176 177 180 179 179 178 180 181 180 186
 130 122 100  98 102 107 116 124 144 153 157 137 143 149 158 169
 186 187 189 188 190 197 194 195 196 200 207 208 208 205 206 206
 188 189 191 188 141 104  87 105 132 179 200 202 206 203 205 206
 192 189 168  83  54  56  62  56  57  67  93 157 197 198 200 200
 189 176  67  56  58 107 113 100  81  57  61  71 139 193 196 195
 185 115  55  64 160 190 188 189 192 156  88  55  69 142 195 195
 183  85  54 120 190 192 190 192 193 193 186 114  59  86 189 194
 177  76  53 156 187 190 190 191 194 197 195 185  84  59 161 193
 172  78  68 156 187 190 191 189 194 196 196 191  98  54 135 192
 177  88  55 118 185 188 191 190 193 192 191 191 111  56 133 193
 180 133  55  70 149 186 187 189 191 191 189 189  86  55 150 193
 183 177  97  55  73 134 174 187 187 190 189 141  57  63 181 194
 183 183 170  96  50  63  73  92 106  99  65  60  54 120 195 192
 183 186 185 170 137  86  62  57  60  60  52  52  94 181 190 190
 184 185 185 183 179 177 164 144 134 130 125 159 183 187 190 187
 183 178 181 182 185 185 180 182 182 181 181 186 188 189 191 186

