 135 207 208 209 208 207 203 203 200 199 197 200 202 203 201 198
 132 209 208 209 208 205 182 138 117 122 149 185 200 202 201 196
 118 201 202 202 203 199  98  45  49  49  49  84 157 194 198 192
 111 199 197 198 200 197  73  42  82 101  74  54  58 161 194 191
 104 195 195 196 195 192  67  47 151 191 176 103  46  84 197 193
  98 192 191 190 190 186  66  46 153 193 188 176  45  53 194 190
 112 186 187 189 188 183  60  43 154 189 187 159  35  67 193 188
 120 185 186 186 187 181  55  40 155 181 159  70  39  93 190 186
 114 184 184 184 185 174  47  44  72  72  48  39  50 167 185 181
 129 181 182 182 183 170  43  39  39  42  47  87 167 188 183 180
 128 179 180 180 181 162  40  38 106 126 152 178 180 181 180 179
 129 179 178 177 180 153  36  47 175 178 177 178 178 179 178 178
 124 176 176 176 176 144  35  48 173 177 177 176 177 175 175 175
 128 175 174 174 174 143  32  53 170 175 175 173 174 174 171 172
 130 172 170 170 167 145  31  55 173 171 172 170 169 172 171 169
 125 166 165 166 166 160  94 132 171 167 167 168 164 166 169 165
 125 205 204 202 202 203 200 201 199 199 198 201 200 200 198 193
 116 201 203 203 201 200 186 146 121 122 152 190 198 197 197 193
 109 198 200 200 199 199 105  44  48  47  46  74 155 196 194 190
 100 197 197 196 195 196  81  44  78  89  59  46  53 155 192 190
  97 193 194 195 193 193  76  45 142 191 177  98  45  75 191 188
  91 191 192 193 191 190  70  45 143 190 189 180  47  47 185 187
 108 189 189 190 189 186  70  47 148 187 186 169  46  66 187 186
 113 187 188 188 187 186  67  44 149 185 167  83  46  84 185 185
 110 185 187 187 186 182  61  43  68  82  60  44  47 158 184 183
 123 184 185 185 186 177  53  43  43  44  43  75 156 181 183 181
 122 182 184 185 184 173  52  44 108 116 149 178 182 182 182 180
 121 183 183 182 183 165  47  44 170 180 180 181 181 181 180 180
 120 179 181 180 180 158  48  51 170 179 180 180 179 180 179 179
 123 179 179 179 179 156  45  51 168 178 179 180 178 177 177 177
 127 178 178 179 179 161  40  56 174 176 177 176 175 175 174 174
 126 175 176 173 173 174  99 122 172 172 171 171 171 171 173 173
 134 197 200 200 199 198 196 198 193 190 191 192 194 195 192 189
 124 193 194 197 199 197 183 152 134 130 153 184 194 195 190 189
 115 191 196 197 196 195 120  67  65  65  65  89 157 190 188 188
 106 190 193 195 194 194 100  68  84  88  69  64  61 154 187 186
 104 189 193 195 193 191  91  65 143 184 172 103  63  88 184 186
 101 188 191 193 191 194  96  68 148 188 187 180  69  67 185 187
 113 186 189 189 188 189  94  64 149 186 186 172  68  78 180 185
 123 184 186 188 188 189  89  64 151 182 171 106  70 100 182 185
 117 186 188 189 188 185  80  69  88  98  81  63  71 158 181 184
 132 185 190 187 187 184  74  63  62  56  63  95 155 180 183 182
 131 183 188 188 185 175  72  63 115 122 146 172 178 183 182 180
 130 182 185 185 185 173  71  61 172 181 179 182 182 182 180 179
 135 183 184 185 184 168  70  64 172 181 181 181 182 182 179 178
 137 182 183 182 180 164  68  70 174 184 180 182 181 180 178 177
 134 180 181 181 181 170  67  71 174 182 178 177 176 177 177 176
 133 178 178 177 180 179 114 132 173 178 177 179 179 175 174 173

 198 196 192 191 193 190 188 186 181 180 179 178 175 172 169 165
 201 201 198 194 197 194 193 190 185 183 180 178 175 171 171 169
 203 202 194 161  84  53  67  93 167 188 181 179 175 174 172 166
 202 200 157  58  46  45  35  39  50 167 180 178 177 174 169 164
 200 185  84  54 103 176 159  70  39  87 178 178 176 173 170 168
 197 149  49  74 176 188 187 159  48  47 152 177 177 175 172 167
 199 122  49 101 191 193 189 181  72  42 126 178 177 175 171 167
 200 117  49  82 151 153 154 155  72  39 106 175 173 170 173 171
 203 138  45  42  47  46  43  40  44  39  38  47  48  53  55 132
 203 182  98  73  67  66  60  55  47  43  40  36  35  32  31  94
 207 205 199 197 192 186 183 181 174 170 162 153 144 143 145 160
 208 208 203 200 195 190 188 187 185 183 181 180 176 174 167 166
 209 209 202 198 196 190 189 186 184 182 180 177 176 174 170 166
 208 208 202 197 195 191 187 186 184 182 180 178 176 174 170 165
 207 209 201 199 195 192 186 185 184 181 179 179 176 175 172 166
 135 132 118 111 104  98 112 120 114 129 128 129 124 128 130 125
 193 193 190 190 188 187 186 185 183 181 180 180 179 177 174 173
 198 197 194 192 191 185 187 185 184 183 182 180 179 177 174 173
 200 197 196 155  75  47  66  84 158 181 182 181 180 177 175 171
 200 198 155  53  45  47  46  46  47 156 182 181 179 178 175 171
 201 190  74  46  98 180 169  83  44  75 178 181 180 180 176 171
 198 152  46  59 177 189 186 167  60  43 149 180 180 179 177 171
 199 122  47  89 191 190 187 185  82  44 116 180 179 178 176 172
 199 121  48  78 142 143 148 149  68  43 108 170 170 168 174 172
 201 146  44  44  45  45  47  44  43  43  44  44  51  51  56 122
 200 186 105  81  76  70  70  67  61  53  52  47  48  45  40  99
 203 200 199 196 193 190 186 186 182 177 173 165 158 156 161 174
 202 201 199 195 193 191 189 187 186 186 184 183 180 179 179 173
 202 203 200 196 195 193 190 188 187 185 185 182 180 179 179 173
 204 203 200 197 194 192 189 188 187 185 184 183 181 179 178 176
 205 201 198 197 193 191 189 187 185 184 182 183 179 179 178 175
 125 116 109 100  97  91 108 113 110 123 122 121 120 123 127 126
 189 189 188 186 186 187 185 185 184 182 180 179 178 177 176 173
 192 190 188 187 184 185 180 182 181 183 182 180 179 178 177 174
 195 195 190 154  88  67  78 100 158 180 183 182 182 180 177 175
 194 194 157  61  63  69  68  70  71 155 178 182 182 181 176 179
 192 184  89  64 103 180 172 106  63  95 172 182 181 182 177 179
 191 153  65  69 172 187 186 171  81  63 146 179 181 180 178 177
 190 130  65  88 184 188 186 182  98  56 122 181 181 184 182 178
 193 134  65  84 143 148 149 151  88  62 115 172 172 174 174 173
 198 152  67  68  65  68  64  64  69  63  63  61  64  70  71 132
 196 183 120 100  91  96  94  89  80  74  72  71  70  68  67 114
 198 197 195 194 191 194 189 189 185 184 175 173 168 164 170 179
 199 199 196 194 193 191 188 188 188 187 185 185 184 180 181 180
 200 197 197 195 195 193 189 188 189 187 188 185 185 182 181 177
 200 194 196 193 193 191 189 186 188 190 188 185 184 183 181 178
 197 193 191 190 189 188 186 184 186 185 183 182 183 182 180 178
 134 124 115 106 104 101 113 123 117 132 131 130 135 137 134 133

 165 169 166 164 168 167 167 171 132  94 160 166 166 165 166 125
 169 171 172 169 170 172 171 173  55  31 145 167 170 170 172 130
 172 171 174 174 173 175 175 170  53  32 143 174 174 174 175 128
 175 175 175 177 176 177 177 173  48  35 144 176 176 176 176 124
 178 178 179 178 178 177 178 175  47  36 153 180 177 178 179 129
 179 180 181 180 178 152 126 106  38  40 162 181 180 180 179 128
 180 183 188 167  87  47  42  39  39  43 170 183 182 182 181 129
 181 185 167  50  39  48  72  72  44  47 174 185 184 184 184 114
 186 190  93  39  70 159 181 155  40  55 181 187 186 186 185 120
 188 193  67  35 159 187 189 154  43  60 183 188 189 187 186 112
 190 194  53  45 176 188 193 153  46  66 186 190 190 191 192  98
 193 197  84  46 103 176 191 151  47  67 192 195 196 195 195 104
 191 194 161  58  54  74 101  82  42  73 197 200 198 197 199 111
 192 198 194 157  84  49  49  49  45  98 199 203 202 202 201 118
 196 201 202 200 185 149 122 117 138 182 205 208 209 208 209 132
 198 201 203 202 200 197 199 200 203 203 207 208 209 208 207 135
 173 173 171 171 171 171 172 172 122  99 174 173 173 176 175 126
 174 174 175 175 176 177 176 174  56  40 161 179 179 178 178 127
 177 177 177 178 180 179 178 168  51  45 156 179 179 179 179 123
 179 179 180 179 180 180 179 170  51  48 158 180 180 181 179 120
 180 180 181 181 181 180 180 170  44  47 165 183 182 183 183 121
 180 182 182 182 178 149 116 108  44  52 173 184 185 184 182 122
 181 183 181 156  75  43  44  43  43  53 177 186 185 185 184 123
 183 184 158  47  44  60  82  68  43  61 182 186 187 187 185 110
 185 185  84  46  83 167 185 149  44  67 186 187 188 188 187 113
 186 187  66  46 169 186 187 148  47  70 186 189 190 189 189 108
 187 185  47  47 180 189 190 143  45  70 190 191 193 192 191  91
 188 191  75  45  98 177 191 142  45  76 193 193 195 194 193  97
 190 192 155  53  46  59  89  78  44  81 196 195 196 197 197 100
 190 194 196 155  74  46  47  48  44 105 199 199 200 200 198 109
 193 197 197 198 190 152 122 121 146 186 200 201 203 203 201 116
 193 198 200 200 201 198 199 199 201 200 203 202 202 204 205 125
 173 174 175 179 179 177 178 173 132 114 179 180 177 178 178 133
 176 177 177 176 177 178 182 174  71  67 170 181 181 181 180 134
 177 178 180 181 182 180 184 174  70  68 164 180 182 183 182 137
 178 179 182 182 181 181 181 172  64  70 168 184 185 184 183 135
 179 180 182 182 182 179 181 172  61  71 173 185 185 185 182 130
 180 182 183 178 172 146 122 115  63  72 175 185 188 188 183 131
 182 183 180 155  95  63  56  62  63  74 184 187 187 190 185 132
 184 181 158  71  63  81  98  88  69  80 185 188 189 188 186 117
 185 182 100  70 106 171 182 151  64  89 189 188 188 186 184 123
 185 180  78  68 172 186 186 149  64  94 189 188 189 189 186 113
 187 185  67  69 180 187 188 148  68  96 194 191 193 191 188 101
 186 184  88  63 103 172 184 143  65  91 191 193 195 193 189 104
 186 187 154  61  64  69  88  84  68 100 194 194 195 193 190 106
 188 188 190 157  89  65  65  65  67 120 195 196 197 196 191 115
 189 190 195 194 184 153 130 134 152 183 197 199 197 194 193 124
 189 192 195 194 192 191 190 193 198 196 198 199 200 200 197 134

 125 130 128 124 129 128 129 114 120 112  98 104 111 118 132 135
 166 172 175 176 179 179 181 184 185 186 192 195 199 201 209 207
 165 170 174 176 178 180 182 184 186 187 191 195 197 202 208 208
 166 170 174 176 177 180 182 184 186 189 190 196 198 202 209 209
 166 167 174 176 180 181 183 185 187 188 190 195 200 203 208 208
 160 145 143 144 153 162 170 174 181 183 186 192 197 199 205 207
  94  31  32  35  36  40  43  47  55  60  66  67  73  98 182 203
 132  55  53  48  47  38  39  44  40  43  46  47  42  45 138 203
 171 173 170 173 175 106  39  72 155 154 153 151  82  49 117 200
 167 171 175 177 178 126  42  72 181 189 193 191 101  49 122 199
 167 172 175 177 177 152  47  48 159 187 188 176  74  49 149 197
 168 170 173 176 178 178  87  39  70 159 176 103  54  84 185 200
 164 169 174 177 178 180 167  50  39  35  45  46  58 157 200 202
 166 172 174 175 179 181 188 167  93  67  53  84 161 194 202 203
 169 171 171 175 178 180 183 185 190 193 194 197 194 198 201 201
 165 169 172 175 178 179 180 181 186 188 190 193 191 192 196 198
 126 127 123 120 121 122 123 110 113 108  91  97 100 109 116 125
 175 178 179 179 183 182 184 185 187 189 191 193 197 198 201 205
 176 178 179 181 183 184 185 187 188 189 192 194 197 200 203 204
 173 179 179 180 182 185 185 187 188 190 193 195 196 200 203 202
 173 179 179 180 183 184 186 186 187 189 191 193 195 199 201 202
 174 161 156 158 165 173 177 182 186 186 190 193 196 199 200 203
  99  40  45  48  47  52  53  61  67  70  70  76  81 105 186 200
 122  56  51  51  44  44  43  43  44  47  45  45  44  44 146 201
 172 174 168 170 170 108  43  68 149 148 143 142  78  48 121 199
 172 176 178 179 180 116  44  82 185 187 190 191  89  47 122 199
 171 177 179 180 180 149  43  60 167 186 189 177  59  46 152 198
 171 176 180 180 181 178  75  44  83 169 180  98  46  74 190 201
 171 175 178 179 181 182 156  47  46  46  47  45  53 155 198 200
 171 175 177 180 181 182 181 158  84  66  47  75 155 196 197 200
 173 174 177 179 180 182 183 184 185 187 185 191 192 194 197 198
 173 174 177 179 180 180 181 183 185 186 187 188 190 190 193 193
 133 134 137 135 130 131 132 117 123 113 101 104 106 115 124 134
 178 180 182 183 182 183 185 186 184 186 188 189 190 191 193 197
 178 181 183 184 185 188 190 188 186 189 191 193 193 196 194 200
 177 181 182 185 185 188 187 189 188 189 193 195 195 197 197 200
 180 181 180 184 185 185 187 188 188 188 191 193 194 196 199 199
 179 170 164 168 173 175 184 185 189 189 194 191 194 195 197 198
 114  67  68  70  71  72  74  80  89  94  96  91 100 120 183 196
 132  71  70  64  61  63  63  69  64  64  68  65  68  67 152 198
 173 174 174 172 172 115  62  88 151 149 148 143  84  65 134 193
 178 182 184 181 181 122  56  98 182 186 188 184  88  65 130 190
 177 178 180 181 179 146  63  81 171 186 187 172  69  65 153 191
 179 177 182 181 182 172  95  63 106 172 180 103  64  89 184 192
 179 176 181 182 182 178 155  71  70  68  69  63  61 157 194 194
 175 177 180 182 182 183 180 158 100  78  67  88 154 190 195 195
 174 177 178 179 180 182 183 181 182 180 185 184 187 188 190 192
 173 176 177 178 179 180 182 184 185 185 187 186 186 188 189 189

