 184 209 204 204 195 142  84  60  55  48  75 129 188 196 199 197
 189 208 204 187  85  45  45  44  46  45  42  46  83 175 197 196
 182 201 184  77  40  41  74 134 159 145 111  54  44  81 192 192
 166 192  89  41  49 142 195 196 197 198 193 142  45  44 139 192
 158 161  40  40 124 198 195 196 197 196 195 192  84  39  82 190
 165 104  39  55 192 193 193 194 194 192 191 191 146  33  47 180
 173  64  41 105 195 193 191 191 190 190 191 189 169  45  39 164
 165  67  41 123 191 188 188 188 186 188 189 188 172  46  39 157
 148  89  41  98 189 187 186 171 142 176 185 188 159  38  39 166
 147 116  43  56 172 181 181  81  42 115 181 180 100  34  46 178
 159 162  38  39  74 177 179  97  41  44 121 112  35  36 113 181
 165 179 109  46  40  69 139 149  41  38  36  35  37  77 178 179
 152 178 176  99  45  38  41  41  37  35  38  36  43 166 180 178
 149 178 177 176 130  59  50  41  43  52  72  44  37  85 170 170
 157 174 178 176 176 174 150 150 148 168 172  97  44  41  74 163
 162 173 175 172 174 172 174 176 174 174 170 168 104  42  37  90
 172 198 196 194 193 146  86  57  50  39  61 115 182 190 191 191
 176 193 193 183  91  44  41  40  35  34  38  40  64 163 188 187
 170 192 185  84  38  38  62 120 141 124  90  35  39  64 181 184
 154 188  95  40  42 124 183 188 188 189 190 139  40  38 123 183
 144 163  45  38 112 187 188 187 188 188 187 187  90  40  71 181
 155 107  37  47 181 186 187 187 186 187 186 184 150  39  46 166
 160  66  36  92 185 185 185 185 185 185 185 183 170  52  37 150
 157  70  35 109 183 184 184 184 183 182 184 181 173  54  37 143
 141  87  37  86 183 181 182 173 144 179 181 180 162  46  37 155
 139 118  38  46 162 181 181  88  35 104 179 179 115  40  45 168
 151 167  37  37  64 176 178  97  36  39 109 118  46  38 103 172
 160 179 107  33  35  58 138 160  52  35  34  37  35  70 166 173
 146 177 178  97  35  37  36  36  39  35  33  35  40 161 172 172
 139 177 177 177 129  50  36  33  33  37  56  34  34  73 168 170
 150 174 175 173 174 174 152 146 137 159 170  93  35  34  59 158
 154 173 173 174 173 172 173 172 172 171 169 171 105  34  36  76
 170 190 192 190 190 154 105  78  68  60  80 125 179 184 187 187
 177 194 194 183 113  74  58  56  57  57  55  54  77 162 185 186
 173 190 184 102  62  59  78 124 142 128 101  63  57  77 177 184
 156 186 113  66  64 131 175 185 188 190 188 146  59  54 131 182
 150 167  73  57 118 183 187 188 189 190 189 188 103  60  82 178
 158 125  67  65 177 187 188 187 187 187 187 186 157  64  58 165
 160  85  60 107 186 186 186 186 186 186 187 185 176  75  50 150
 158  88  58 122 184 186 185 185 183 186 186 185 178  79  56 147
 144 107  59  99 185 184 183 176 157 183 183 182 169  72  52 156
 147 131  58  73 167 182 182 110  68 118 181 181 135  67  66 163
 160 172  59  58  77 179 184 122  64  57 118 134  75  64 111 173
 165 180 119  62  55  81 149 163  67  55  52  59  57  87 165 176
 152 182 184 114  63  59  56  59  63  55  58  59  56 159 175 174
 149 181 180 180 135  63  59  54  55  62  75  53  55  88 172 173
 156 181 182 181 182 179 154 144 141 162 172 107  59  57  77 162
 160 178 179 179 180 178 177 177 177 177 178 174 115  58  57  99

 197 196 192 192 190 180 164 157 166 178 181 179 178 170 163  90
 199 197 192 139  82  47  39  39  39  46 113 178 180 170  74  37
 196 175  81  44  39  33  45  46  38  34  36  77 166  85  41  42
 188  83  44  45  84 146 169 172 159 100  35  37  43  37  44 104
 129  46  54 142 192 191 189 188 188 180 112  35  36  44  97 168
  75  42 111 193 195 191 191 189 185 181 121  36  38  72 172 170
  48  45 145 198 196 192 190 188 176 115  44  38  35  52 168 174
  55  46 159 197 197 194 190 186 142  42  41  41  37  43 148 174
  60  44 134 196 196 194 191 188 171  81  97 149  41  41 150 176
  84  45  74 195 195 193 191 188 186 181 179 139  41  50 150 174
 142  45  41 142 198 193 193 188 187 181 177  69  38  59 174 172
 195  85  40  49 124 192 195 191 189 172  74  40  45 130 176 174
 204 187  77  41  40  55 105 123  98  56  39  46  99 176 176 172
 204 204 184  89  40  39  41  41  41  43  38 109 176 177 178 175
 209 208 201 192 161 104  64  67  89 116 162 179 178 178 174 173
 184 189 182 166 158 165 173 165 148 147 159 165 152 149 157 162
 191 187 184 183 181 166 150 143 155 168 172 173 172 170 158  76
 191 188 181 123  71  46  37  37  37  45 103 166 172 168  59  36
 190 163  64  38  40  39  52  54  46  40  38  70 161  73  34  34
 182  64  39  40  90 150 170 173 162 115  46  35  40  34  35 105
 115  40  35 139 187 184 183 181 180 179 118  37  35  34  93 171
  61  38  90 190 187 186 185 184 181 179 109  34  33  56 170 169
  39  34 124 189 188 187 185 182 179 104  39  35  35  37 159 171
  50  35 141 188 188 186 185 183 144  35  36  52  39  33 137 172
  57  40 120 188 187 187 185 184 173  88  97 160  36  33 146 172
  86  41  62 183 188 187 185 184 182 181 178 138  36  36 152 173
 146  44  38 124 187 186 185 184 181 181 176  58  37  50 174 172
 193  91  38  42 112 181 185 183 183 162  64  35  35 129 174 173
 194 183  84  40  38  47  92 109  86  46  37  33  97 177 173 174
 196 193 185  95  45  37  36  35  37  38  37 107 178 177 175 173
 198 193 192 188 163 107  66  70  87 118 167 179 177 177 174 173
 172 176 170 154 144 155 160 157 141 139 151 160 146 139 150 154
 187 186 184 182 178 165 150 147 156 163 173 176 174 173 162  99
 187 185 177 131  82  58  50  56  52  66 111 165 175 172  77  57
 184 162  77  54  60  64  75  79  72  67  64  87 159  88  57  58
 179  77  57  59 103 157 176 178 169 135  75  57  56  55  59 115
 125  54  63 146 188 186 185 185 182 181 134  59  59  53 107 174
  80  55 101 188 189 187 187 186 183 181 118  52  58  75 172 178
  60  57 128 190 190 187 186 186 183 118  57  55  55  62 162 177
  68  57 142 188 189 187 186 183 157  68  64  67  63  55 141 177
  78  56 124 185 188 187 186 185 176 110 122 163  59  54 144 177
 105  58  78 175 187 188 186 185 183 182 184 149  56  59 154 177
 154  74  59 131 183 187 186 186 184 182 179  81  59  63 179 178
 190 113  62  64 118 177 186 184 185 167  77  55  63 135 182 180
 190 183 102  66  57  65 107 122  99  73  58  62 114 180 181 179
 192 194 184 113  73  67  60  58  59  58  59 119 184 180 182 179
 190 194 190 186 167 125  85  88 107 131 172 180 182 181 181 178
 170 177 173 156 150 158 160 158 144 147 160 165 152 149 156 160

  90  37  42 104 168 170 174 174 176 174 172 174 172 175 173 162
 163  74  41  44  97 172 168 148 150 150 174 176 176 178 174 157
 170 170  85  37  44  72  52  43  41  50  59 130 176 177 178 149
 178 180 166  43  36  38  35  37  41  41  38  45  99 176 178 152
 179 178  77  37  35  36  38  41 149 139  69  40  46 109 179 165
 181 113  36  35 112 121  44  41  97 179 177  74  39  38 162 159
 178  46  34 100 180 181 115  42  81 181 181 172  56  43 116 147
 166  39  38 159 188 185 176 142 171 186 187 189  98  41  89 148
 157  39  46 172 188 189 188 186 188 188 188 191 123  41  67 165
 164  39  45 169 189 191 190 190 191 191 193 195 105  41  64 173
 180  47  33 146 191 191 192 194 194 193 193 192  55  39 104 165
 190  82  39  84 192 195 196 197 196 195 198 124  40  40 161 158
 192 139  44  45 142 193 198 197 196 195 142  49  41  89 192 166
 192 192  81  44  54 111 145 159 134  74  41  40  77 184 201 182
 196 197 175  83  46  42  45  46  44  45  45  85 187 204 208 189
 197 199 196 188 129  75  48  55  60  84 142 195 204 204 209 184
  76  36  34 105 171 169 171 172 172 173 172 173 174 173 173 154
 158  59  34  35  93 170 159 137 146 152 174 174 173 175 174 150
 170 168  73  34  34  56  37  33  33  36  50 129 177 177 177 139
 172 172 161  40  35  33  35  39  36  36  37  35  97 178 177 146
 173 166  70  35  37  34  35  52 160 138  58  35  33 107 179 160
 172 103  38  46 118 109  39  36  97 178 176  64  37  37 167 151
 168  45  40 115 179 179 104  35  88 181 181 162  46  38 118 139
 155  37  46 162 180 181 179 144 173 182 181 183  86  37  87 141
 143  37  54 173 181 184 182 183 184 184 184 183 109  35  70 157
 150  37  52 170 183 185 185 185 185 185 185 185  92  36  66 160
 166  46  39 150 184 186 187 186 187 187 186 181  47  37 107 155
 181  71  40  90 187 187 188 188 187 188 187 112  38  45 163 144
 183 123  38  40 139 190 189 188 188 183 124  42  40  95 188 154
 184 181  64  39  35  90 124 141 120  62  38  38  84 185 192 170
 187 188 163  64  40  38  34  35  40  41  44  91 183 193 193 176
 191 191 190 182 115  61  39  50  57  86 146 193 194 196 198 172
  99  57  58 115 174 178 177 177 177 177 178 180 179 179 178 160
 162  77  57  59 107 172 162 141 144 154 179 182 181 182 181 156
 173 172  88  55  53  75  62  55  54  59  63 135 180 180 181 149
 174 175 159  56  59  58  55  63  59  56  59  63 114 184 182 152
 176 165  87  57  59  52  55  67 163 149  81  55  62 119 180 165
 173 111  64  75 134 118  57  64 122 184 179  77  58  59 172 160
 163  66  67 135 181 181 118  68 110 182 182 167  73  58 131 147
 156  52  72 169 182 183 183 157 176 183 184 185  99  59 107 144
 147  56  79 178 185 186 186 183 185 185 186 184 122  58  88 158
 150  50  75 176 185 187 186 186 186 186 186 186 107  60  85 160
 165  58  64 157 186 187 187 187 187 188 187 177  65  67 125 158
 178  82  60 103 188 189 190 189 188 187 183 118  57  73 167 150
 182 131  54  59 146 188 190 188 185 175 131  64  66 113 186 156
 184 177  77  57  63 101 128 142 124  78  59  62 102 184 190 173
 186 185 162  77  54  55  57  57  56  58  74 113 183 194 194 177
 187 187 184 179 125  80  60  68  78 105 154 190 190 192 190 170

 162 157 149 152 165 159 147 148 165 173 165 158 166 182 189 184
 173 174 178 178 179 162 116  89  67  64 104 161 192 201 208 209
 175 178 177 176 109  38  43  41  41  41  39  40  89 184 204 204
 172 176 176  99  46  39  56  98 123 105  55  40  41  77 187 204
 174 176 130  45  40  74 172 189 191 195 192 124  49  40  85 195
 172 174  59  38  69 177 181 187 188 193 193 198 142  41  45 142
 174 150  50  41 139 179 181 186 188 191 193 195 195  74  45  84
 176 150  41  41 149  97  81 171 188 191 194 196 196 134  44  60
 174 148  43  37  41  41  42 142 186 190 194 197 197 159  46  55
 174 168  52  35  38  44 115 176 188 190 192 196 198 145  45  48
 170 172  72  38  36 121 181 185 189 191 191 195 193 111  42  75
 168  97  44  36  35 112 180 188 188 189 191 192 142  54  46 129
 104  44  37  43  37  35 100 159 172 169 146  84  45  44  83 188
  42  41  85 166  77  36  34  38  46  45  33  39  44  81 175 196
  37  74 170 180 178 113  46  39  39  39  47  82 139 192 197 199
  90 163 170 178 179 181 178 166 157 164 180 190 192 192 196 197
 154 150 139 146 160 151 139 141 157 160 155 144 154 170 176 172
 173 174 177 177 179 167 118  87  70  66 107 163 188 192 193 198
 173 175 177 178 107  37  38  37  35  36  37  45  95 185 193 196
 174 173 177  97  33  37  46  86 109  92  47  38  40  84 183 194
 173 174 129  35  35  64 162 183 183 185 181 112  42  38  91 193
 172 174  50  37  58 176 181 181 184 185 186 187 124  38  44 146
 173 152  36  36 138 178 181 182 184 185 187 188 183  62  41  86
 172 146  33  36 160  97  88 173 184 185 187 187 188 120  40  57
 172 137  33  39  52  36  35 144 183 185 186 188 188 141  35  50
 171 159  37  35  35  39 104 179 182 185 187 188 189 124  34  39
 169 170  56  33  34 109 179 181 184 185 186 187 190  90  38  61
 171  93  34  35  37 118 179 180 181 183 184 187 139  35  40 115
 105  35  34  40  35  46 115 162 173 170 150  90  40  39  64 182
  34  34  73 161  70  38  40  46  54  52  39  40  38  64 163 190
  36  59 168 172 166 103  45  37  37  37  46  71 123 181 188 191
  76 158 170 172 173 172 168 155 143 150 166 181 183 184 187 191
 160 156 149 152 165 160 147 144 158 160 158 150 156 173 177 170
 178 181 181 182 180 172 131 107  88  85 125 167 186 190 194 190
 179 182 180 184 119  59  58  59  58  60  67  73 113 184 194 192
 179 181 180 114  62  58  73  99 122 107  65  57  66 102 183 190
 180 182 135  63  55  77 167 185 184 186 177 118  64  62 113 190
 178 179  63  59  81 179 182 184 186 186 187 183 131  59  74 154
 177 154  59  56 149 184 182 183 185 186 188 187 175  78  58 105
 177 144  54  59 163 122 110 176 185 186 187 188 185 124  56  78
 177 141  55  63  67  64  68 157 183 186 187 189 188 142  57  68
 177 162  62  55  55  57 118 183 186 186 187 190 190 128  57  60
 178 172  75  58  52 118 181 183 186 187 187 189 188 101  55  80
 174 107  53  59  59 134 181 182 185 185 186 188 146  63  54 125
 115  59  55  56  57  75 135 169 178 176 157 103  59  57  77 179
  58  57  88 159  87  64  67  72  79  75  64  60  54  77 162 184
  57  77 172 175 165 111  66  52  56  50  58  82 131 177 185 187
  99 162 173 174 176 173 163 156 147 150 165 178 182 184 186 187

