 226 228 227 223 220 221 220 219 222 224 224 225 221 219 214 195
 224 225 221 174 109  92 108 154 202 213 218 217 216 214 211 205
 221 223 213  77  62  55  56  59  76 135 204 213 213 210 209 198
 218 218 210  75  60  96 106  84  61  60 104 207 209 208 205 191
 216 216 207  75  59 181 211 206 134  70  62 137 208 210 206 184
 210 209 203  69  58 188 208 207 206 133  60  66 207 205 204 178
 209 208 199  68  61 173 204 205 202 193  53  57 186 204 205 190
 207 208 204  85  58 164 201 200 191 109  47  57 188 205 202 197
 203 205 201  70  53  92 104  87  62  50  48 121 208 202 201 196
 200 203 196  64  50  43  43  47  47  59 119 192 196 195 193 186
 200 199 197  71  49  51  48  47  46  73 177 188 193 192 192 176
 198 196 194  77  50 138 148 103  59  50  69 129 183 189 187 171
 192 193 190  69  53 145 186 189 147  72  53  54 124 181 181 176
 191 190 187  66  52 148 188 187 187 171  99  52  62 187 184 180
 191 190 186 125 109 181 189 186 186 184 179 123 138 185 184 177
 184 185 183 182 185 185 186 183 183 181 179 177 180 182 179 170
 221 221 221 222 224 224 220 211 214 217 218 216 213 212 203 194
 218 215 215 173 105  88 107 151 202 208 208 207 206 205 204 200
 215 213 208  67  53  54  54  51  64 126 200 206 204 203 200 195
 213 210 207  67  54  87  87  68  49  54  93 205 203 201 197 188
 208 207 207  71  51 170 206 204 126  51  50 125 203 200 198 184
 207 204 202  63  48 175 204 201 204 131  47  55 193 200 199 178
 203 202 198  61  52 160 201 200 199 194  48  50 174 200 198 186
 203 201 203  80  51 149 200 201 198 119  50  47 171 198 198 199
 202 200 202  67  44  86 111 101  68  50  47 102 195 196 196 196
 201 199 198  58  47  45  46  45  43  56 110 186 193 194 193 188
 199 198 197  66  47  45  40  45  44  65 181 190 191 190 191 181
 196 195 197  72  45 134 145  89  46  48  65 124 185 187 188 175
 193 193 195  68  47 137 189 191 143  55  42  48 117 185 183 181
 194 192 192  67  50 140 188 187 186 172  90  46  58 185 183 184
 193 189 188 124  90 164 188 187 186 186 183 116 123 182 183 183
 189 187 186 185 188 186 187 184 184 183 182 182 182 183 181 179
 211 214 211 212 210 207 205 200 204 206 204 206 204 201 196 186
 210 212 209 175 120 108 123 161 201 206 205 206 205 201 200 197
 212 212 209  81  75  70  70  74  93 141 202 206 203 200 199 192
 211 211 208  83  69  99 100  82  64  67 105 204 200 200 198 189
 208 209 207  86  67 167 199 194 128  67  66 135 202 201 197 183
 206 205 204  81  67 178 202 203 201 130  67  73 195 200 197 177
 202 204 198  75  65 163 199 200 200 195  71  64 174 200 198 189
 199 201 199  86  64 157 199 198 198 136  72  65 171 198 197 196
 199 202 200  78  66 106 133 123  92  68  56 113 195 197 196 196
 199 202 200  74  68  67  63  58  57  69 115 183 193 193 193 191
 201 198 198  85  64  64  60  63  61  85 181 189 193 191 192 185
 199 196 199  96  67 135 146 101  64  67  87 144 190 192 188 179
 197 196 198  91  72 145 189 191 145  76  66  68 132 191 187 184
 197 195 192  88  75 147 190 191 188 172  99  61  74 189 189 190
 194 194 191 134 101 167 192 191 190 190 184 122 129 184 189 188
 190 191 190 189 186 185 187 187 187 188 188 186 185 187 185 185

 195 205 198 191 184 178 190 197 196 186 176 171 176 180 177 170
 214 211 209 205 206 204 205 202 201 193 192 187 181 184 184 179
 219 214 210 208 210 205 204 205 202 195 192 189 181 187 185 182
 221 216 213 209 208 207 186 188 208 196 193 183 124  62 138 180
 225 217 213 207 137  66  57  57 121 192 188 129  54  52 123 177
 224 218 204 104  62  60  53  47  48 119 177  69  53  99 179 179
 224 213 135  60  70 133 193 109  50  59  73  50  72 171 184 181
 222 202  76  61 134 206 202 191  62  47  46  59 147 187 186 183
 219 154  59  84 206 207 205 200  87  47  47 103 189 187 186 183
 220 108  56 106 211 208 204 201 104  43  48 148 186 188 189 186
 221  92  55  96 181 188 173 164  92  43  51 138 145 148 181 185
 220 109  62  60  59  58  61  58  53  50  49  50  53  52 109 185
 223 174  77  75  75  69  68  85  70  64  71  77  69  66 125 182
 227 221 213 210 207 203 199 204 201 196 197 194 190 187 186 183
 228 225 223 218 216 209 208 208 205 203 199 196 193 190 190 185
 226 224 221 218 216 210 209 207 203 200 200 198 192 191 191 184
 194 200 195 188 184 178 186 199 196 188 181 175 181 184 183 179
 203 204 200 197 198 199 198 198 196 193 191 188 183 183 183 181
 212 205 203 201 200 200 200 198 196 194 190 187 185 185 182 183
 213 206 204 203 203 193 174 171 195 193 191 185 117  58 123 182
 216 207 206 205 125  55  50  47 102 186 190 124  48  46 116 182
 218 208 200  93  50  47  48  50  47 110 181  65  42  90 183 182
 217 208 126  54  51 131 194 119  50  56  65  48  55 172 186 183
 214 202  64  49 126 204 199 198  68  43  44  46 143 186 186 184
 211 151  51  68 204 201 200 201 101  45  45  89 191 187 187 184
 220 107  54  87 206 204 201 200 111  46  40 145 189 188 188 187
 224  88  54  87 170 175 160 149  86  45  45 134 137 140 164 186
 224 105  53  54  51  48  52  51  44  47  47  45  47  50  90 188
 222 173  67  67  71  63  61  80  67  58  66  72  68  67 124 185
 221 215 208 207 207 202 198 203 202 198 197 197 195 192 188 186
 221 215 213 210 207 204 202 201 200 199 198 195 193 192 189 187
 221 218 215 213 208 207 203 203 202 201 199 196 193 194 193 189
 186 197 192 189 183 177 189 196 196 191 185 179 184 190 188 185
 196 200 199 198 197 197 198 197 196 193 192 188 187 189 189 185
 201 201 200 200 201 200 200 198 197 193 191 192 191 189 184 187
 204 205 203 200 202 195 174 171 195 193 193 190 132  74 129 185
 206 206 206 204 135  73  64  65 113 183 189 144  68  61 122 186
 204 205 202 105  66  67  71  72  56 115 181  87  66  99 184 188
 206 206 141  67  67 130 195 136  68  69  85  67  76 172 190 188
 204 201  93  64 128 201 200 198  92  57  61  64 145 188 190 187
 200 161  74  82 194 203 200 198 123  58  63 101 191 191 191 187
 205 123  70 100 199 202 199 199 133  63  60 146 189 190 192 187
 207 108  70  99 167 178 163 157 106  67  64 135 145 147 167 185
 210 120  75  69  67  67  65  64  66  68  64  67  72  75 101 186
 212 175  81  83  86  81  75  86  78  74  85  96  91  88 134 189
 211 209 209 208 207 204 198 199 200 200 198 199 198 192 191 190
 214 212 212 211 209 205 204 201 202 202 198 196 196 195 194 191
 211 210 212 211 208 206 202 199 199 199 201 199 197 197 194 190

 170 179 182 180 177 179 181 183 183 186 185 185 182 183 185 184
 177 184 185 138 123 179 184 186 186 189 181 109 125 186 190 191
 180 184 187  62  52  99 171 187 187 188 148  52  66 187 190 191
 176 181 181 124  54  53  72 147 189 186 145  53  69 190 193 192
 171 187 189 183 129  69  50  59 103 148 138  50  77 194 196 198
 176 192 192 193 188 177  73  46  47  48  51  49  71 197 199 200
 186 193 195 196 192 119  59  47  47  43  43  50  64 196 203 200
 196 201 202 208 121  48  50  62  87 104  92  53  70 201 205 203
 197 202 205 188  57  47 109 191 200 201 164  58  85 204 208 207
 190 205 204 186  57  53 193 202 205 204 173  61  68 199 208 209
 178 204 205 207  66  60 133 206 207 208 188  58  69 203 209 210
 184 206 210 208 137  62  70 134 206 211 181  59  75 207 216 216
 191 205 208 209 207 104  60  61  84 106  96  60  75 210 218 218
 198 209 210 213 213 204 135  76  59  56  55  62  77 213 223 221
 205 211 214 216 217 218 213 202 154 108  92 109 174 221 225 224
 195 214 219 221 225 224 224 222 219 220 221 220 223 227 228 226
 179 181 183 182 182 182 183 184 184 187 186 188 185 186 187 189
 183 183 182 123 116 183 186 186 187 188 164  90 124 188 189 193
 184 183 185  58  46  90 172 186 187 188 140  50  67 192 192 194
 181 183 185 117  48  42  55 143 191 189 137  47  68 195 193 193
 175 188 187 185 124  65  48  46  89 145 134  45  72 197 195 196
 181 191 190 191 190 181  65  44  45  40  45  47  66 197 198 199
 188 193 194 193 186 110  56  43  45  46  45  47  58 198 199 201
 196 196 196 195 102  47  50  68 101 111  86  44  67 202 200 202
 199 198 198 171  47  50 119 198 201 200 149  51  80 203 201 203
 186 198 200 174  50  48 194 199 200 201 160  52  61 198 202 203
 178 199 200 193  55  47 131 204 201 204 175  48  63 202 204 207
 184 198 200 203 125  50  51 126 204 206 170  51  71 207 207 208
 188 197 201 203 205  93  54  49  68  87  87  54  67 207 210 213
 195 200 203 204 206 200 126  64  51  54  54  53  67 208 213 215
 200 204 205 206 207 208 208 202 151 107  88 105 173 215 215 218
 194 203 212 213 216 218 217 214 211 220 224 224 222 221 221 221
 185 185 187 185 186 188 188 187 187 187 185 186 189 190 191 190
 188 189 184 129 122 184 190 190 191 192 167 101 134 191 194 194
 190 189 189  74  61  99 172 188 191 190 147  75  88 192 195 197
 184 187 191 132  68  66  76 145 191 189 145  72  91 198 196 197
 179 188 192 190 144  87  67  64 101 146 135  67  96 199 196 199
 185 192 191 193 189 181  85  61  63  60  64  64  85 198 198 201
 191 193 193 193 183 115  69  57  58  63  67  68  74 200 202 199
 196 196 197 195 113  56  68  92 123 133 106  66  78 200 202 199
 196 197 198 171  65  72 136 198 198 199 157  64  86 199 201 199
 189 198 200 174  64  71 195 200 200 199 163  65  75 198 204 202
 177 197 200 195  73  67 130 201 203 202 178  67  81 204 205 206
 183 197 201 202 135  66  67 128 194 199 167  67  86 207 209 208
 189 198 200 200 204 105  67  64  82 100  99  69  83 208 211 211
 192 199 200 203 206 202 141  93  74  70  70  75  81 209 212 212
 197 200 201 205 206 205 206 201 161 123 108 120 175 209 212 210
 186 196 201 204 206 204 206 204 200 205 207 210 212 211 214 211

 184 191 191 192 198 200 200 203 207 209 210 216 218 221 224 226
 185 190 190 193 196 199 203 205 208 208 209 216 218 223 225 228
 183 186 187 190 194 197 196 201 204 199 203 207 210 213 221 227
 182 125  66  69  77  71  64  70  85  68  69  75  75  77 174 223
 185 109  52  53  50  49  50  53  58  61  58  59  60  62 109 220
 185 181 148 145 138  51  43  92 164 173 188 181  96  55  92 221
 186 189 188 186 148  48  43 104 201 204 208 211 106  56 108 220
 183 186 187 189 103  47  47  87 200 205 207 206  84  59 154 219
 183 186 187 147  59  46  47  62 191 202 206 134  61  76 202 222
 181 184 171  72  50  73  59  50 109 193 133  70  60 135 213 224
 179 179  99  53  69 177 119  48  47  53  60  62 104 204 218 224
 177 123  52  54 129 188 192 121  57  57  66 137 207 213 217 225
 180 138  62 124 183 193 196 208 188 186 207 208 209 213 216 221
 182 185 187 181 189 192 195 202 205 204 205 210 208 210 214 219
 179 184 184 181 187 192 193 201 202 205 204 206 205 209 211 214
 170 177 180 176 171 176 186 196 197 190 178 184 191 198 205 195
 189 193 194 193 196 199 201 202 203 203 207 208 213 215 218 221
 187 189 192 193 195 198 199 200 201 202 204 207 210 213 215 221
 186 188 192 195 197 197 198 202 203 198 202 207 207 208 215 221
 185 124  67  68  72  66  58  67  80  61  63  71  67  67 173 222
 188  90  50  47  45  47  47  44  51  52  48  51  54  53 105 224
 186 164 140 137 134  45  45  86 149 160 175 170  87  54  88 224
 187 188 188 189 145  40  46 111 200 201 204 206  87  54 107 220
 184 187 187 191  89  45  45 101 201 200 201 204  68  51 151 211
 184 186 186 143  46  44  43  68 198 199 204 126  49  64 202 214
 183 186 172  55  48  65  56  50 119 194 131  51  54 126 208 217
 182 183  90  42  65 181 110  47  50  48  47  50  93 200 208 218
 182 116  46  48 124 190 186 102  47  50  55 125 205 206 207 216
 182 123  58 117 185 191 193 195 171 174 193 203 203 204 206 213
 183 182 185 185 187 190 194 196 198 200 200 200 201 203 205 212
 181 183 183 183 188 191 193 196 198 198 199 198 197 200 204 203
 179 183 184 181 175 181 188 196 199 186 178 184 188 195 200 194
 190 194 197 197 199 201 199 199 199 202 206 208 211 212 210 211
 191 194 195 196 196 198 202 202 201 204 205 209 211 212 212 214
 190 191 192 198 199 198 200 200 199 198 204 207 208 209 209 211
 189 134  88  91  96  85  74  78  86  75  81  86  83  81 175 212
 186 101  75  72  67  64  68  66  64  65  67  67  69  75 120 210
 185 167 147 145 135  64  67 106 157 163 178 167  99  70 108 207
 187 192 190 189 146  60  63 133 199 199 202 199 100  70 123 205
 187 191 191 191 101  63  58 123 198 200 203 194  82  74 161 200
 187 190 188 145  64  61  57  92 198 200 201 128  64  93 201 204
 188 190 172  76  67  85  69  68 136 195 130  67  67 141 206 206
 188 184  99  66  87 181 115  56  72  71  67  66 105 202 205 204
 186 122  61  68 144 189 183 113  65  64  73 135 204 206 206 206
 185 129  74 132 190 193 193 195 171 174 195 202 200 203 205 204
 187 184 189 191 192 191 193 197 198 200 200 201 200 200 201 201
 185 189 189 187 188 192 193 196 197 198 197 197 198 199 200 196
 185 188 190 184 179 185 191 196 196 189 177 183 189 192 197 186

