 119 185 181 182 184 183 180 180 177 177 177 177 175 173 174 170
 108 185 183 182 181 179 177 151 120 117 144 171 171 172 172 171
 100 184 183 181 179 160  76  38  37  36  38  62 136 170 170 169
 101 182 181 180 175  64  33  35  53  64  44  40 103 167 166 169
 100 182 182 180 113  30  52 147 176 176 164 154 170 169 166 152
  90 180 179 179  68  36 116 178 174 173 175 173 170 170 165 145
  88 182 176 180  73  34  51 101 116 125 122 158 169 168 166 145
  91 181 176 175 148  48  34  35  36  40  36  44 127 169 169 149
  89 182 175 174 173 163 113 118 113  95  60  35  35 156 168 151
  86 180 175 173 175 176 175 172 170 168 155  44  37 113 169 145
  89 180 174 153 144 167 172 170 170 168 167  45  38  95 168 148
  88 179 171  52  43 140 166 168 166 165 106  32  35 119 170 153
  88 177 170  49  36  52 123 130 110  64  31  29  56 173 168 150
  86 176 172 114  42  32  31  34  33  29  36  87 166 168 164 147
  87 174 171 170 137  97  80  80  90 110 153 167 166 167 166 147
  86 168 168 169 166 166 166 169 165 165 167 164 163 164 160 138
 114 184 183 184 185 182 180 179 177 176 177 178 175 173 175 173
 103 183 182 182 180 178 178 156 125 121 146 176 174 171 172 171
  96 183 182 181 179 163  79  34  35  34  32  54 130 168 170 172
  92 182 181 180 176  63  32  30  44  55  32  25  90 166 166 169
  92 181 180 178 118  33  48 137 175 179 165 151 167 167 166 153
  87 179 178 179  66  33 109 178 174 173 173 173 170 168 166 149
  80 181 176 180  71  30  48 104 122 129 123 161 170 168 167 149
  82 179 176 176 150  40  30  35  29  31  35  40 124 169 170 150
  84 179 176 173 173 162 108 114 102  84  51  32  32 155 168 153
  82 179 176 173 173 174 173 170 170 171 161  42  31 102 167 151
  80 178 174 152 149 174 173 172 170 169 173  49  34  90 166 152
  78 177 172  51  38 134 172 171 167 172 117  33  31 110 165 154
  83 173 172  48  36  53 126 138 119  74  35  29  44 162 166 153
  81 173 173 115  39  35  33  36  35  39  31  76 158 167 167 154
  81 171 170 172 137  91  75  67  75 101 149 163 164 166 164 149
  80 170 168 169 168 167 166 169 165 165 166 165 163 164 166 148
 118 179 181 181 182 180 178 176 175 175 173 174 174 174 175 173
 105 180 182 182 180 177 178 157 126 128 152 176 176 173 172 174
 101 181 181 181 179 166 101  60  50  49  47  73 137 168 170 174
  98 180 180 180 179  91  51  48  62  66  47  44 105 166 167 171
  99 180 181 179 132  53  58 139 174 173 161 153 169 171 167 151
  92 178 178 182  84  55 118 175 175 173 174 173 172 174 168 152
  97 180 176 179  83  46  62 111 130 136 131 166 175 170 167 153
  94 182 177 177 148  53  46  51  52  51  47  53 127 172 175 159
  89 180 178 177 173 160 112 117 114  95  60  40  41 157 169 157
  84 175 176 176 175 174 174 172 170 171 160  50  44 116 170 152
  92 175 175 161 157 174 174 174 175 174 178  66  50  99 167 157
  86 176 177  70  54 140 172 171 172 176 130  58  50 122 169 160
  89 173 175  56  45  60 134 149 132  89  54  48  60 163 166 156
  90 173 172 119  52  43  49  53  46  45  49  86 159 167 167 156
  92 172 173 173 139  99  92  85  93 104 151 167 168 171 170 153
  90 171 172 172 169 168 167 166 163 165 166 167 168 170 168 153

 170 171 169 169 152 145 145 149 151 145 148 153 150 147 147 138
 174 172 170 166 166 165 166 169 168 169 168 170 168 164 166 160
 173 172 170 167 169 170 168 169 156 113  95 119 173 168 167 164
 175 171 136 103 170 170 169 127  35  37  38  35  56 166 166 163
 177 171  62  40 154 173 158  44  35  44  45  32  29  87 167 164
 177 144  38  44 164 175 122  36  60 155 167 106  31  36 153 167
 177 117  36  64 176 173 125  40  95 168 168 165  64  29 110 165
 177 120  37  53 176 174 116  36 113 170 170 166 110  33  90 165
 180 151  38  35 147 178 101  35 118 172 170 168 130  34  80 169
 180 177  76  33  52 116  51  34 113 175 172 166 123  31  80 166
 183 179 160  64  30  36  34  48 163 176 167 140  52  32  97 166
 184 181 179 175 113  68  73 148 173 175 144  43  36  42 137 166
 182 182 181 180 180 179 180 175 174 173 153  52  49 114 170 169
 181 183 183 181 182 179 176 176 175 175 174 171 170 172 171 168
 185 185 184 182 182 180 182 181 182 180 180 179 177 176 174 168
 119 108 100 101 100  90  88  91  89  86  89  88  88  86  87  86
 173 171 172 169 153 149 149 150 153 151 152 154 153 154 149 148
 175 172 170 166 166 166 167 170 168 167 166 165 166 167 164 166
 173 171 168 166 167 168 168 169 155 102  90 110 162 167 166 164
 175 174 130  90 167 170 170 124  32  31  34  31  44 158 164 163
 178 176  54  25 151 173 161  40  32  42  49  33  29  76 163 165
 177 146  32  32 165 173 123  35  51 161 173 117  35  31 149 166
 176 121  34  55 179 173 129  31  84 171 169 172  74  39 101 165
 177 125  35  44 175 174 122  29 102 170 170 167 119  35  75 165
 179 156  34  30 137 178 104  35 114 170 172 171 138  36  67 169
 180 178  79  32  48 109  48  30 108 173 173 172 126  33  75 166
 182 178 163  63  33  33  30  40 162 174 174 134  53  35  91 167
 185 180 179 176 118  66  71 150 173 173 149  38  36  39 137 168
 184 182 181 180 178 179 180 176 173 173 152  51  48 115 172 169
 183 182 182 181 180 178 176 176 176 176 174 172 172 173 170 168
 184 183 183 182 181 179 181 179 179 179 178 177 173 173 171 170
 114 103  96  92  92  87  80  82  84  82  80  78  83  81  81  80
 173 174 174 171 151 152 153 159 157 152 157 160 156 156 153 153
 175 172 170 167 167 168 167 175 169 170 167 169 166 167 170 168
 174 173 168 166 171 174 170 172 157 116  99 122 163 167 171 170
 174 176 137 105 169 172 175 127  41  44  50  50  60 159 168 168
 174 176  73  44 153 173 166  53  40  50  66  58  48  86 167 167
 173 152  47  47 161 174 131  47  60 160 178 130  54  49 151 166
 175 128  49  66 173 173 136  51  95 171 174 176  89  45 104 165
 175 126  50  62 174 175 130  52 114 170 175 172 132  46  93 163
 176 157  60  48 139 175 111  51 117 172 174 171 149  53  85 166
 178 178 101  51  58 118  62  46 112 174 174 172 134  49  92 167
 180 177 166  91  53  55  46  53 160 174 174 140  60  43  99 168
 182 180 179 179 132  84  83 148 173 175 157  54  45  52 139 169
 181 182 181 180 179 182 179 177 177 176 161  70  56 119 173 172
 181 182 181 180 181 178 176 177 178 176 175 177 175 172 173 172
 179 180 181 180 180 178 180 182 180 175 175 176 173 173 172 171
 118 105 101  98  99  92  97  94  89  84  92  86  89  90  92  90

 138 160 164 163 164 167 165 165 169 166 166 166 169 168 168  86
 147 166 167 166 167 153 110  90  80  80  97 137 170 171 174  87
 147 164 168 166  87  36  29  33  34  31  32  42 114 172 176  86
 150 168 173  56  29  31  64 110 130 123  52  36  49 170 177  88
 153 170 119  35  32 106 165 166 168 166 140  43  52 171 179  88
 148 168  95  38  45 167 168 170 170 172 167 144 153 174 180  89
 145 169 113  37  44 155 168 170 172 175 176 175 173 175 180  86
 151 168 156  35  35  60  95 113 118 113 163 173 174 175 182  89
 149 169 169 127  44  36  40  36  35  34  48 148 175 176 181  91
 145 166 168 169 158 122 125 116 101  51  34  73 180 176 182  88
 145 165 170 170 173 175 173 174 178 116  36  68 179 179 180  90
 152 166 169 170 154 164 176 176 147  52  30 113 180 182 182 100
 169 166 167 103  40  44  64  53  35  33  64 175 180 181 182 101
 169 170 170 136  62  38  36  37  38  76 160 179 181 183 184 100
 171 172 172 171 171 144 117 120 151 177 179 181 182 183 185 108
 170 174 173 175 177 177 177 177 180 180 183 184 182 181 185 119
 148 166 164 163 165 166 165 165 169 166 167 168 169 168 170  80
 149 164 166 164 163 149 101  75  67  75  91 137 172 170 171  81
 154 167 167 158  76  31  39  35  36  33  35  39 115 173 173  81
 153 166 162  44  29  35  74 119 138 126  53  36  48 172 173  83
 154 165 110  31  33 117 172 167 171 172 134  38  51 172 177  78
 152 166  90  34  49 173 169 170 172 173 174 149 152 174 178  80
 151 167 102  31  42 161 171 170 170 173 174 173 173 176 179  82
 153 168 155  32  32  51  84 102 114 108 162 173 173 176 179  84
 150 170 169 124  40  35  31  29  35  30  40 150 176 176 179  82
 149 167 168 170 161 123 129 122 104  48  30  71 180 176 181  80
 149 166 168 170 173 173 173 174 178 109  33  66 179 178 179  87
 153 166 167 167 151 165 179 175 137  48  33 118 178 180 181  92
 169 166 166  90  25  32  55  44  30  32  63 176 180 181 182  92
 172 170 168 130  54  32  34  35  34  79 163 179 181 182 183  96
 171 172 171 174 176 146 121 125 156 178 178 180 182 182 183 103
 173 175 173 175 178 177 176 177 179 180 182 185 184 183 184 114
 153 168 170 168 167 166 165 163 166 167 168 169 172 172 171  90
 153 170 171 168 167 151 104  93  85  92  99 139 173 173 172  92
 156 167 167 159  86  49  45  46  53  49  43  52 119 172 173  90
 156 166 163  60  48  54  89 132 149 134  60  45  56 175 173  89
 160 169 122  50  58 130 176 172 171 172 140  54  70 177 176  86
 157 167  99  50  66 178 174 175 174 174 174 157 161 175 175  92
 152 170 116  44  50 160 171 170 172 174 174 175 176 176 175  84
 157 169 157  41  40  60  95 114 117 112 160 173 177 178 180  89
 159 175 172 127  53  47  51  52  51  46  53 148 177 177 182  94
 153 167 170 175 166 131 136 130 111  62  46  83 179 176 180  97
 152 168 174 172 173 174 173 175 175 118  55  84 182 178 178  92
 151 167 171 169 153 161 173 174 139  58  53 132 179 181 180  99
 171 167 166 105  44  47  66  62  48  51  91 179 180 180 180  98
 174 170 168 137  73  47  49  50  60 101 166 179 181 181 181 101
 174 172 173 176 176 152 128 126 157 178 177 180 182 182 180 105
 173 175 174 174 174 173 175 175 176 178 180 182 181 181 179 118

  86  87  86  88  88  89  86  89  91  88  90 100 101 100 108 119
 168 174 176 177 179 180 180 182 181 182 180 182 182 184 185 185
 168 171 172 170 171 174 175 175 176 176 179 182 181 183 183 181
 169 170 114  49  52 153 173 174 175 180 179 180 180 181 182 182
 166 137  42  36  43 144 175 173 148  73  68 113 175 179 181 184
 166  97  32  52 140 167 176 163  48  34  36  30  64 160 179 183
 166  80  31 123 166 172 175 113  34  51 116  52  33  76 177 180
 169  80  34 130 168 170 172 118  35 101 178 147  35  38 151 180
 165  90  33 110 166 170 170 113  36 116 174 176  53  37 120 177
 165 110  29  64 165 168 168  95  40 125 173 176  64  36 117 177
 167 153  36  31 106 167 155  60  36 122 175 164  44  38 144 177
 164 167  87  29  32  45  44  35  44 158 173 154  40  62 171 177
 163 166 166  56  35  38  37  35 127 169 170 170 103 136 171 175
 164 167 168 173 119  95 113 156 169 168 170 169 167 170 172 173
 160 166 164 168 170 168 169 168 169 166 165 166 166 170 172 174
 138 147 147 150 153 148 145 151 149 145 145 152 169 169 171 170
  80  81  81  83  78  80  82  84  82  80  87  92  92  96 103 114
 170 171 173 173 177 178 179 179 179 181 179 181 182 183 183 184
 168 170 173 172 172 174 176 176 176 176 178 180 181 182 182 183
 169 172 115  48  51 152 173 173 176 180 179 178 180 181 182 184
 168 137  39  36  38 149 173 173 150  71  66 118 176 179 180 185
 167  91  35  53 134 174 174 162  40  30  33  33  63 163 178 182
 166  75  33 126 172 173 173 108  30  48 109  48  32  79 178 180
 169  67  36 138 171 172 170 114  35 104 178 137  30  34 156 179
 165  75  35 119 167 170 170 102  29 122 174 175  44  35 125 177
 165 101  39  74 172 169 171  84  31 129 173 179  55  34 121 176
 166 149  31  35 117 173 161  51  35 123 173 165  32  32 146 177
 165 163  76  29  33  49  42  32  40 161 173 151  25  54 176 178
 163 164 158  44  31  34  31  32 124 170 170 167  90 130 174 175
 164 166 167 162 110  90 102 155 169 168 168 167 166 168 171 173
 166 164 167 166 165 166 167 168 170 167 166 166 166 170 172 175
 148 149 154 153 154 152 151 153 150 149 149 153 169 172 171 173
  90  92  90  89  86  92  84  89  94  97  92  99  98 101 105 118
 171 172 173 173 176 175 175 180 182 180 178 180 180 181 180 179
 172 173 172 175 177 175 176 178 177 176 178 181 180 181 182 181
 172 173 119  56  70 161 176 177 177 179 182 179 180 181 182 181
 169 139  52  45  54 157 175 173 148  83  84 132 179 179 180 182
 168  99  43  60 140 174 174 160  53  46  55  53  91 166 177 180
 167  92  49 134 172 174 174 112  46  62 118  58  51 101 178 178
 166  85  53 149 171 174 172 117  51 111 175 139  48  60 157 176
 163  93  46 132 172 175 170 114  52 130 175 174  62  50 126 175
 165 104  45  89 176 174 171  95  51 136 173 173  66  49 128 175
 166 151  49  54 130 178 160  60  47 131 174 161  47  47 152 173
 167 167  86  48  58  66  50  40  53 166 173 153  44  73 176 174
 168 168 159  60  50  50  44  41 127 175 172 169 105 137 176 174
 170 171 167 163 122  99 116 157 172 170 174 171 166 168 173 174
 168 170 167 166 169 167 170 169 175 167 168 167 167 170 172 175
 153 153 156 156 160 157 152 157 159 153 152 151 171 174 174 173

