 192 193 192 190 186 180 177 168 168 176 183 183 182 179 173 123
 185 184 183 179 176 173 174 172 173 175 176 175 176 171 167 121
 181 154  78  78  96  86  76  74  69  74  91 107 101 158 167 112
 178 122  37  32  33  28  27  29  30  30  31  33  30 103 167 109
 175 170 115 108  92  73  29  27  60  79  89  54  52 147 167 106
 174 174 173 172 173 154  28  29 131 168 169 176 171 169 169 105
 173 174 176 173 172 157  34  31 111 167 167 168 169 172 169 118
 168 169 170 169 167 166  38  34 106 166 167 168 168 170 167 130
 168 167 168 168 167 165  46  33  93 165 167 167 166 169 167 125
 164 166 165 166 165 163  60  34  81 164 166 166 166 167 164 122
 162 165 163 163 163 161  72  32  78 162 165 165 164 165 163 119
 159 161 159 160 162 160  75  31  65 162 163 163 164 163 162 124
 153 156 158 156 158 158  90  30  55 159 161 158 161 161 160 118
 152 152 154 156 157 153  88  33  51 157 157 157 159 160 157 116
 149 150 151 153 151 149 104  32  84 154 154 156 156 155 154 115
 145 146 145 148 148 148 145 125 153 150 151 151 150 152 148 107
 196 193 189 188 184 178 173 166 165 172 180 181 179 176 173 124
 182 179 181 179 172 171 169 170 171 170 171 170 169 170 166 121
 179 154  77  79  95  84  73  71  71  79  97 111 102 159 166 113
 175 119  31  31  31  25  28  30  30  28  28  30  29  96 166 108
 175 170 109 100  85  74  28  28  58  72  82  41  39 135 167 106
 173 173 172 169 169 153  26  29 122 166 168 172 169 168 168 103
 171 170 169 169 168 156  29  32 103 167 168 168 168 168 166 117
 168 169 168 168 167 165  35  30 101 167 167 166 166 167 166 128
 168 167 167 167 165 165  45  28  89 166 166 167 165 166 166 127
 166 166 165 165 165 164  59  31  75 164 166 166 165 166 164 122
 164 165 165 164 164 161  71  32  74 164 165 164 165 165 163 120
 163 162 162 162 162 161  76  30  63 162 162 163 163 163 162 126
 160 159 159 160 159 158  94  32  53 159 161 161 161 162 160 123
 157 159 157 157 157 156  93  32  48 160 159 160 159 159 159 122
 156 154 154 154 155 155 109  30  80 155 156 157 159 157 156 118
 152 149 152 150 150 151 151 124 153 155 155 155 154 154 151 112
 179 180 176 173 172 166 163 159 155 162 170 170 168 167 163 124
 177 176 178 174 171 169 169 169 169 170 169 169 169 170 166 119
 177 152  85  88 105  92  85  86  88  94 106 118 112 160 165 110
 171 123  45  38  43  40  46  42  43  37  41  41  40 103 165 111
 171 166 112 102  92  84  44  34  58  74  83  54  55 134 166 108
 173 171 171 168 167 152  36  34 121 166 168 170 166 167 168 108
 171 170 172 169 168 159  43  34 103 168 167 168 168 168 166 120
 168 169 169 168 167 166  46  45 105 166 166 166 166 167 166 132
 169 167 167 168 165 164  52  51 102 166 166 167 165 167 163 126
 167 166 165 166 165 162  64  43  86 164 167 166 165 166 164 130
 164 165 165 164 164 160  77  44  82 160 166 166 167 165 163 128
 163 164 162 162 164 161  82  41  67 159 162 163 166 163 162 132
 160 159 160 161 159 158 100  50  64 158 162 161 164 164 161 129
 160 160 157 158 160 158 101  41  56 160 159 161 163 165 161 130
 155 155 156 156 155 156 119  47  92 155 158 159 161 160 159 129
 152 154 154 156 154 154 150 127 152 155 155 156 155 156 158 123

 123 121 112 109 106 105 118 130 125 122 119 124 118 116 115 107
 173 167 167 167 167 169 169 167 167 164 163 162 160 157 154 148
 179 171 158 103 147 169 172 170 169 167 165 163 161 160 155 152
 182 176 101  30  52 171 169 168 166 166 164 164 161 159 156 150
 183 175 107  33  54 176 168 168 167 166 165 163 158 157 156 151
 183 176  91  31  89 169 167 167 167 166 165 163 161 157 154 151
 176 175  74  30  79 168 167 166 165 164 162 162 159 157 154 150
 168 173  69  30  60 131 111 106  93  81  78  65  55  51  84 153
 168 172  74  29  27  29  31  34  33  34  32  31  30  33  32 125
 177 174  76  27  29  28  34  38  46  60  72  75  90  88 104 145
 180 173  86  28  73 154 157 166 165 163 161 160 158 153 149 148
 186 176  96  33  92 173 172 167 167 165 163 162 158 157 151 148
 190 179  78  32 108 172 173 169 168 166 163 160 156 156 153 148
 192 183  78  37 115 173 176 170 168 165 163 159 158 154 151 145
 193 184 154 122 170 174 174 169 167 166 165 161 156 152 150 146
 192 185 181 178 175 174 173 168 168 164 162 159 153 152 149 145
 124 121 113 108 106 103 117 128 127 122 120 126 123 122 118 112
 173 166 166 166 167 168 166 166 166 164 163 162 160 159 156 151
 176 170 159  96 135 168 168 167 166 166 165 163 162 159 157 154
 179 169 102  29  39 169 168 166 165 165 165 163 161 159 159 154
 181 170 111  30  41 172 168 166 167 166 164 163 161 160 157 155
 180 171  97  28  82 168 168 167 166 166 165 162 161 159 156 155
 172 170  79  28  72 166 167 167 166 164 164 162 159 160 155 155
 165 171  71  30  58 122 103 101  89  75  74  63  53  48  80 153
 166 170  71  30  28  29  32  30  28  31  32  30  32  32  30 124
 173 169  73  28  28  26  29  35  45  59  71  76  94  93 109 151
 178 171  84  25  74 153 156 165 165 164 161 161 158 156 155 151
 184 172  95  31  85 169 168 167 165 165 164 162 159 157 155 150
 188 179  79  31 100 169 169 168 167 165 164 162 160 157 154 150
 189 181  77  31 109 172 169 168 167 165 165 162 159 157 154 152
 193 179 154 119 170 173 170 169 167 166 165 162 159 159 154 149
 196 182 179 175 175 173 171 168 168 166 164 163 160 157 156 152
 124 119 110 111 108 108 120 132 126 130 128 132 129 130 129 123
 163 166 165 165 166 168 166 166 163 164 163 162 161 161 159 158
 167 170 160 103 134 167 168 167 167 166 165 163 164 165 160 156
 168 169 112  40  55 166 168 166 165 165 167 166 164 163 161 155
 170 169 118  41  54 170 168 166 167 166 166 163 161 161 159 156
 170 169 106  41  83 168 167 166 166 167 166 162 162 159 158 155
 162 170  94  37  74 166 168 166 166 164 160 159 158 160 155 155
 155 169  88  43  58 121 103 105 102  86  82  67  64  56  92 152
 159 169  86  42  34  34  34  45  51  43  44  41  50  41  47 127
 163 169  85  46  44  36  43  46  52  64  77  82 100 101 119 150
 166 169  92  40  84 152 159 166 164 162 160 161 158 158 156 154
 172 171 105  43  92 167 168 167 165 165 164 164 159 160 155 154
 173 174  88  38 102 168 169 168 168 166 164 162 161 158 156 156
 176 178  85  45 112 171 172 169 167 165 165 162 160 157 156 154
 180 176 152 123 166 171 170 169 167 166 165 164 159 160 155 154
 179 177 177 171 171 173 171 168 169 167 164 163 160 160 155 152

 107 148 152 150 151 151 150 153 125 145 148 148 148 145 146 145
 115 154 155 156 156 154 154  84  32 104 149 151 153 151 150 149
 116 157 160 159 157 157 157  51  33  88 153 157 156 154 152 152
 118 160 161 161 158 161 159  55  30  90 158 158 156 158 156 153
 124 162 163 164 163 163 162  65  31  75 160 162 160 159 161 159
 119 163 165 164 165 165 162  78  32  72 161 163 163 163 165 162
 122 164 167 166 166 166 164  81  34  60 163 165 166 165 166 164
 125 167 169 166 167 167 165  93  33  46 165 167 168 168 167 168
 130 167 170 168 168 167 166 106  34  38 166 167 169 170 169 168
 118 169 172 169 168 167 167 111  31  34 157 172 173 176 174 173
 105 169 169 171 176 169 168 131  29  28 154 173 172 173 174 174
 106 167 147  52  54  89  79  60  27  29  73  92 108 115 170 175
 109 167 103  30  33  31  30  30  29  27  28  33  32  37 122 178
 112 167 158 101 107  91  74  69  74  76  86  96  78  78 154 181
 121 167 171 176 175 176 175 173 172 174 173 176 179 183 184 185
 123 173 179 182 183 183 176 168 168 177 180 186 190 192 193 192
 112 151 154 154 155 155 155 153 124 151 151 150 150 152 149 152
 118 156 157 159 157 156 155  80  30 109 155 155 154 154 154 156
 122 159 159 159 160 159 160  48  32  93 156 157 157 157 159 157
 123 160 162 161 161 161 159  53  32  94 158 159 160 159 159 160
 126 162 163 163 163 162 162  63  30  76 161 162 162 162 162 163
 120 163 165 165 164 165 164  74  32  71 161 164 164 165 165 164
 122 164 166 165 166 166 164  75  31  59 164 165 165 165 166 166
 127 166 166 165 167 166 166  89  28  45 165 165 167 167 167 168
 128 166 167 166 166 167 167 101  30  35 165 167 168 168 169 168
 117 166 168 168 168 168 167 103  32  29 156 168 169 169 170 171
 103 168 168 169 172 168 166 122  29  26 153 169 169 172 173 173
 106 167 135  39  41  82  72  58  28  28  74  85 100 109 170 175
 108 166  96  29  30  28  28  30  30  28  25  31  31  31 119 175
 113 166 159 102 111  97  79  71  71  73  84  95  79  77 154 179
 121 166 170 169 170 171 170 171 170 169 171 172 179 181 179 182
 124 173 176 179 181 180 172 165 166 173 178 184 188 189 193 196
 123 158 156 155 156 155 155 152 127 150 154 154 156 154 154 152
 129 159 160 161 159 158 155  92  47 119 156 155 156 156 155 155
 130 161 165 163 161 159 160  56  41 101 158 160 158 157 160 160
 129 161 164 164 161 162 158  64  50 100 158 159 161 160 159 160
 132 162 163 166 163 162 159  67  41  82 161 164 162 162 164 163
 128 163 165 167 166 166 160  82  44  77 160 164 164 165 165 164
 130 164 166 165 166 167 164  86  43  64 162 165 166 165 166 167
 126 163 167 165 167 166 166 102  51  52 164 165 168 167 167 169
 132 166 167 166 166 166 166 105  45  46 166 167 168 169 169 168
 120 166 168 168 168 167 168 103  34  43 159 168 169 172 170 171
 108 168 167 166 170 168 166 121  34  36 152 167 168 171 171 173
 108 166 134  55  54  83  74  58  34  44  84  92 102 112 166 171
 111 165 103  40  41  41  37  43  42  46  40  43  38  45 123 171
 110 165 160 112 118 106  94  88  86  85  92 105  88  85 152 177
 119 166 170 169 169 169 170 169 169 169 169 171 174 178 176 177
 124 163 167 168 170 170 162 155 159 163 166 172 173 176 180 179

 145 149 152 153 159 162 164 168 168 173 174 175 178 181 185 192
 146 150 152 156 161 165 166 167 169 174 174 170 122 154 184 193
 145 151 154 158 159 163 165 168 170 176 173 115  37  78 183 192
 148 153 156 156 160 163 166 168 169 173 172 108  32  78 179 190
 148 151 157 158 162 163 165 167 167 172 173  92  33  96 176 186
 148 149 153 158 160 161 163 165 166 157 154  73  28  86 173 180
 145 104  88  90  75  72  60  46  38  34  28  29  27  76 174 177
 125  32  33  30  31  32  34  33  34  31  29  27  29  74 172 168
 153  84  51  55  65  78  81  93 106 111 131  60  30  69 173 168
 150 154 157 159 162 162 164 165 166 167 168  79  30  74 175 176
 151 154 157 161 163 165 166 167 167 167 169  89  31  91 176 183
 151 156 157 158 163 165 166 167 168 168 176  54  33 107 175 183
 150 156 159 161 164 164 166 166 168 169 171  52  30 101 176 182
 152 155 160 161 163 165 167 169 170 172 169 147 103 158 171 179
 148 154 157 160 162 163 164 167 167 169 169 167 167 167 167 173
 107 115 116 118 124 119 122 125 130 118 105 106 109 112 121 123
 152 156 157 160 163 164 166 168 168 171 173 175 175 179 182 196
 149 154 159 159 162 165 166 167 169 170 173 170 119 154 179 193
 152 154 157 159 162 165 165 167 168 169 172 109  31  77 181 189
 150 154 157 160 162 164 165 167 168 169 169 100  31  79 179 188
 150 155 157 159 162 164 165 165 167 168 169  85  31  95 172 184
 151 155 156 158 161 161 164 165 165 156 153  74  25  84 171 178
 151 109  93  94  76  71  59  45  35  29  26  28  28  73 169 173
 124  30  32  32  30  32  31  28  30  32  29  28  30  71 170 166
 153  80  48  53  63  74  75  89 101 103 122  58  30  71 171 165
 155 155 160 159 162 164 164 166 167 167 166  72  28  79 170 172
 155 156 159 161 162 165 166 166 167 168 168  82  28  97 171 180
 155 157 160 161 163 164 166 167 166 168 172  41  30 111 170 181
 154 159 159 161 163 165 165 165 166 168 169  39  29 102 169 179
 154 157 159 162 163 165 166 166 167 168 168 135  96 159 170 176
 151 156 159 160 162 163 164 166 166 166 168 167 166 166 166 173
 112 118 122 123 126 120 122 127 128 117 103 106 108 113 121 124
 152 155 160 160 163 164 167 169 168 171 173 171 171 177 177 179
 154 155 160 159 164 165 166 167 169 170 171 166 123 152 176 180
 154 156 157 160 162 165 165 167 169 172 171 112  45  85 178 176
 156 156 158 161 162 164 166 168 168 169 168 102  38  88 174 173
 154 155 160 159 164 164 165 165 167 168 167  92  43 105 171 172
 154 156 158 158 161 160 162 164 166 159 152  84  40  92 169 166
 150 119 101 100  82  77  64  52  46  43  36  44  46  85 169 163
 127  47  41  50  41  44  43  51  45  34  34  34  42  86 169 159
 152  92  56  64  67  82  86 102 105 103 121  58  43  88 169 155
 155 155 160 158 159 160 164 166 166 168 166  74  37  94 170 162
 155 158 159 162 162 166 167 166 166 167 168  83  41 106 169 170
 156 159 161 161 163 166 166 167 166 168 170  54  41 118 169 170
 155 161 163 164 166 167 165 165 166 168 166  55  40 112 169 168
 156 160 165 164 163 165 166 167 167 168 167 134 103 160 170 167
 158 159 161 161 162 163 164 163 166 166 168 166 165 165 166 163
 123 129 130 129 132 128 130 126 132 120 108 108 111 110 119 124

