 168 170 168 168 168 173 187 184 186 184 183 181 181 178 177 111
 179 185 184 186 183 181 182 182 181 179 176 174 176 174 172 122
 181 180 151  53 135 180 179 178 176 173 173  91  59 146 167 117
 181 180  90  36  95 174 175 174 168 167 161  38  32 116 158 109
 180 177  66  34  84 172 173 171 168 166 152  31  32 115 155 106
 175 174  73  34  91 169 170 167 166 165 145  28  29 121 155 106
 172 171  81  30  93 166 164 166 163 161 148  29  31 127 156 104
 170 174  62  33 100 164 165 166 160 158 148  29  31 131 158 103
 166 165  49  32  94 161 162 163 162 158 124  28  27 142 155 100
 169 166  62  33  77 158 158 159 157 154  98  29  46 160 154 120
 163 162  86  33  56 157 157 155 154 152  72  30  78 156 154 120
 160 158  99  34  34 143 152 153 151 143  30  28 116 153 154 123
 158 160 139  39  32  76 140 145 131  56  28  55 147 153 152 130
 157 157 154  90  31  26  27  38  29  29  37 131 152 152 151 131
 153 153 152 150  84  34  25  30  22  54 129 151 151 151 150 126
 146 147 148 147 145 132 124 113 123 146 147 148 147 147 147 121
 159 156 155 157 157 160 179 179 178 172 171 172 173 171 170 107
 176 174 173 175 173 171 172 169 166 165 164 166 168 163 162 120
 176 170 142  40 122 169 168 167 165 164 165  85  50 136 158 114
 172 170  79  29  86 166 166 165 165 163 159  30  28 102 154 109
 171 167  61  31  76 164 164 163 163 160 150  23  28 109 153 107
 170 165  66  28  81 164 163 162 161 159 143  26  30 119 154 107
 169 167  74  30  91 163 162 162 160 159 147  24  28 123 155 104
 165 168  55  29  97 160 160 161 159 157 149  24  28 127 154 101
 164 163  42  28  84 160 159 160 158 157 128  24  24 140 155 100
 163 160  57  30  75 159 158 157 156 152  99  26  41 157 153 121
 161 160  80  32  52 158 156 155 153 152  74  26  73 152 151 118
 159 158  97  31  26 139 152 152 152 146  32  28 112 152 152 120
 158 157 138  33  27  71 147 147 135  55  26  48 148 152 152 132
 156 155 152  87  24  29  29  38  28  26  35 127 151 152 150 130
 153 153 152 151  78  27  27  28  23  49 123 149 150 150 150 126
 150 148 148 148 146 135 124 106 117 145 147 147 146 146 146 127
 155 156 155 155 158 159 172 170 172 169 168 165 164 164 157 104
 172 170 171 172 171 168 169 170 168 166 165 166 169 164 162 124
 172 170 143  59 131 163 165 168 165 165 166  96  71 141 159 123
 170 165  86  42  96 167 167 166 165 164 162  49  37 106 154 115
 171 168  71  43  81 165 165 164 164 163 152  40  39 113 153 109
 169 168  77  46  92 164 164 163 164 160 144  35  39 119 153 110
 169 168  89  40  96 161 162 163 161 161 150  38  40 127 155 106
 166 168  67  43 105 160 159 161 160 157 156  40  41 133 157 106
 165 165  52  45 103 160 159 160 159 159 131  42  43 141 156 103
 164 161  65  43  86 158 158 157 159 158 108  45  59 160 155 123
 162 159  83  42  64 158 158 157 156 154  85  41  84 154 154 126
 160 157 102  47  49 150 156 156 153 148  43  44 116 154 155 130
 159 158 141  47  42  92 149 156 139  71  45  63 149 154 152 135
 158 159 156  93  41  41  48  64  50  42  40 127 153 154 153 133
 156 155 153 152  88  45  42  41  46  63 130 154 151 150 151 129
 151 149 150 151 149 135 130 115 126 148 151 151 149 147 149 132

 111 122 117 109 106 106 104 103 100 120 120 123 130 131 126 121
 177 172 167 158 155 155 156 158 155 154 154 154 152 151 150 147
 178 174 146 116 115 121 127 131 142 160 156 153 153 152 151 147
 181 176  59  32  32  29  31  31  27  46  78 116 147 152 151 147
 181 174  91  38  31  28  29  29  28  29  30  28  55 131 151 148
 183 176 173 161 152 145 148 148 124  98  72  30  28  37 129 147
 184 179 173 167 166 165 161 158 158 154 152 143  56  29  54 146
 186 181 176 168 168 166 163 160 162 157 154 151 131  29  22 123
 184 182 178 174 171 167 166 166 163 159 155 153 145  38  30 113
 187 182 179 175 173 170 164 165 162 158 157 152 140  27  25 124
 173 181 180 174 172 169 166 164 161 158 157 143  76  26  34 132
 168 183 135  95  84  91  93 100  94  77  56  34  32  31  84 145
 168 186  53  36  34  34  30  33  32  33  33  34  39  90 150 147
 168 184 151  90  66  73  81  62  49  62  86  99 139 154 152 148
 170 185 180 180 177 174 171 174 165 166 162 158 160 157 153 147
 168 179 181 181 180 175 172 170 166 169 163 160 158 157 153 146
 107 120 114 109 107 107 104 101 100 121 118 120 132 130 126 127
 170 162 158 154 153 154 155 154 155 153 151 152 152 150 150 146
 171 163 136 102 109 119 123 127 140 157 152 152 152 152 150 146
 173 168  50  28  28  30  28  28  24  41  73 112 148 151 150 146
 172 166  85  30  23  26  24  24  24  26  26  28  48 127 149 147
 171 164 165 159 150 143 147 149 128  99  74  32  26  35 123 147
 172 165 164 163 160 159 159 157 157 152 152 146  55  26  49 145
 178 166 165 165 163 161 160 159 158 156 153 152 135  28  23 117
 179 169 167 165 163 162 162 161 160 157 155 152 147  38  28 106
 179 172 168 166 164 163 162 160 159 158 156 152 147  29  27 124
 160 171 169 166 164 164 163 160 160 159 158 139  71  29  27 135
 157 173 122  86  76  81  91  97  84  75  52  26  27  24  78 146
 157 175  40  29  31  28  30  29  28  30  32  31  33  87 151 148
 155 173 142  79  61  66  74  55  42  57  80  97 138 152 152 148
 156 174 170 170 167 165 167 168 163 160 160 158 157 155 153 148
 159 176 176 172 171 170 169 165 164 163 161 159 158 156 153 150
 104 124 123 115 109 110 106 106 103 123 126 130 135 133 129 132
 157 162 159 154 153 153 155 157 156 155 154 155 152 153 151 149
 164 164 141 106 113 119 127 133 141 160 154 154 154 154 150 147
 164 169  71  37  39  39  40  41  43  59  84 116 149 153 151 149
 165 166  96  49  40  35  38  40  42  45  41  44  63 127 154 151
 168 165 166 162 152 144 150 156 131 108  85  43  45  40 130 151
 169 166 165 164 163 160 161 157 159 158 154 148  71  42  63 148
 172 168 165 165 164 164 161 160 159 159 156 153 139  50  46 126
 170 170 168 166 164 163 163 161 160 157 157 156 156  64  41 115
 172 169 165 167 165 164 162 159 159 158 158 156 149  48  42 130
 159 168 163 167 165 164 161 160 160 158 158 150  92  41  45 135
 158 171 131  96  81  92  96 105 103  86  64  49  42  41  88 149
 155 172  59  42  43  46  40  43  45  43  42  47  47  93 152 151
 155 171 143  86  71  77  89  67  52  65  83 102 141 156 153 150
 156 170 170 165 168 168 168 168 165 161 159 157 158 159 155 149
 155 172 172 170 171 169 169 166 165 164 162 160 159 158 156 151

 121 147 147 147 148 147 146 123 113 124 132 145 147 148 147 146
 126 150 151 151 151 129  54  22  30  25  34  84 150 152 153 153
 131 151 152 152 131  37  29  29  38  27  26  31  90 154 157 157
 130 152 153 147  55  28  56 131 145 140  76  32  39 139 160 158
 123 154 153 116  28  30 143 151 153 152 143  34  34  99 158 160
 120 154 156  78  30  72 152 154 155 157 157  56  33  86 162 163
 120 154 160  46  29  98 154 157 159 158 158  77  33  62 166 169
 100 155 142  27  28 124 158 162 163 162 161  94  32  49 165 166
 103 158 131  31  29 148 158 160 166 165 164 100  33  62 174 170
 104 156 127  31  29 148 161 163 166 164 166  93  30  81 171 172
 106 155 121  29  28 145 165 166 167 170 169  91  34  73 174 175
 106 155 115  32  31 152 166 168 171 173 172  84  34  66 177 180
 109 158 116  32  38 161 167 168 174 175 174  95  36  90 180 181
 117 167 146  59  91 173 173 176 178 179 180 135  53 151 180 181
 122 172 174 176 174 176 179 181 182 182 181 183 186 184 185 179
 111 177 178 181 181 183 184 186 184 187 173 168 168 168 170 168
 127 146 146 146 147 147 145 117 106 124 135 146 148 148 148 150
 126 150 150 150 149 123  49  23  28  27  27  78 151 152 153 153
 130 150 152 151 127  35  26  28  38  29  29  24  87 152 155 156
 132 152 152 148  48  26  55 135 147 147  71  27  33 138 157 158
 120 152 152 112  28  32 146 152 152 152 139  26  31  97 158 159
 118 151 152  73  26  74 152 153 155 156 158  52  32  80 160 161
 121 153 157  41  26  99 152 156 157 158 159  75  30  57 160 163
 100 155 140  24  24 128 157 158 160 159 160  84  28  42 163 164
 101 154 127  28  24 149 157 159 161 160 160  97  29  55 168 165
 104 155 123  28  24 147 159 160 162 162 163  91  30  74 167 169
 107 154 119  30  26 143 159 161 162 163 164  81  28  66 165 170
 107 153 109  28  23 150 160 163 163 164 164  76  31  61 167 171
 109 154 102  28  30 159 163 165 165 166 166  86  29  79 170 172
 114 158 136  50  85 165 164 165 167 168 169 122  40 142 170 176
 120 162 163 168 166 164 165 166 169 172 171 173 175 173 174 176
 107 170 171 173 172 171 172 178 179 179 160 157 157 155 156 159
 132 149 147 149 151 151 148 126 115 130 135 149 151 150 149 151
 129 151 150 151 154 130  63  46  41  42  45  88 152 153 155 156
 133 153 154 153 127  40  42  50  64  48  41  41  93 156 159 158
 135 152 154 149  63  45  71 139 156 149  92  42  47 141 158 159
 130 155 154 116  44  43 148 153 156 156 150  49  47 102 157 160
 126 154 154  84  41  85 154 156 157 158 158  64  42  83 159 162
 123 155 160  59  45 108 158 159 157 158 158  86  43  65 161 164
 103 156 141  43  42 131 159 159 160 159 160 103  45  52 165 165
 106 157 133  41  40 156 157 160 161 159 160 105  43  67 168 166
 106 155 127  40  38 150 161 161 163 162 161  96  40  89 168 169
 110 153 119  39  35 144 160 164 163 164 164  92  46  77 168 169
 109 153 113  39  40 152 163 164 164 165 165  81  43  71 168 171
 115 154 106  37  49 162 164 165 166 167 167  96  42  86 165 170
 123 159 141  71  96 166 165 165 168 165 163 131  59 143 170 172
 124 162 164 169 166 165 166 168 170 169 168 171 172 171 170 172
 104 157 164 164 165 168 169 172 170 172 159 158 155 155 156 155

 146 153 157 158 160 163 169 166 170 172 175 180 181 181 179 168
 147 153 157 160 158 162 166 165 174 171 174 177 180 180 185 170
 148 152 154 139  99  86  62  49  62  81  73  66  90 151 184 168
 147 150  90  39  34  33  33  32  33  30  34  34  36  53 186 168
 145  84  31  32  34  56  77  94 100  93  91  84  95 135 183 168
 132  34  26  76 143 157 158 161 164 166 169 172 174 180 181 173
 124  25  27 140 152 157 158 162 165 164 170 173 175 179 182 187
 113  30  38 145 153 155 159 163 166 166 167 171 174 178 182 184
 123  22  29 131 151 154 157 162 160 163 166 168 168 176 181 186
 146  54  29  56 143 152 154 158 158 161 165 166 167 173 179 184
 147 129  37  28  30  72  98 124 148 148 145 152 161 173 176 183
 148 151 131  55  28  30  29  28  29  29  28  31  38  91 174 181
 147 151 152 147 116  78  46  27  31  31  29  32  32  59 176 181
 147 151 152 153 153 156 160 142 131 127 121 115 116 146 174 178
 147 150 151 152 154 154 154 155 158 156 155 155 158 167 172 177
 121 126 131 130 123 120 120 100 103 104 106 106 109 117 122 111
 150 153 156 158 159 161 163 164 165 169 170 171 172 176 176 159
 148 153 155 157 158 160 160 163 168 167 165 167 170 170 174 156
 148 152 152 138  97  80  57  42  55  74  66  61  79 142 173 155
 148 151  87  33  31  32  30  28  29  30  28  31  29  40 175 157
 146  78  24  27  26  52  75  84  97  91  81  76  86 122 173 157
 135  27  29  71 139 158 159 160 160 163 164 164 166 169 171 160
 124  27  29 147 152 156 158 159 160 162 163 164 166 168 172 179
 106  28  38 147 152 155 157 160 161 162 162 163 165 167 169 179
 117  23  28 135 152 153 156 158 159 160 161 163 165 165 166 178
 145  49  26  55 146 152 152 157 157 159 159 160 163 164 165 172
 147 123  35  26  32  74  99 128 149 147 143 150 159 165 164 171
 147 149 127  48  28  26  26  24  24  24  26  23  30  85 166 172
 146 150 151 148 112  73  41  24  28  28  30  28  28  50 168 173
 146 150 152 152 152 152 157 140 127 123 119 109 102 136 163 171
 146 150 150 152 152 151 153 155 154 155 154 153 154 158 162 170
 127 126 130 132 120 118 121 100 101 104 107 107 109 114 120 107
 151 156 158 159 160 162 164 165 166 169 169 171 170 172 172 155
 149 155 159 158 157 159 161 165 168 168 168 168 165 170 170 156
 150 153 156 141 102  83  65  52  67  89  77  71  86 143 171 155
 151 152  93  47  47  42  43  45  43  40  46  43  42  59 172 155
 149  88  41  42  49  64  86 103 105  96  92  81  96 131 171 158
 135  45  41  92 150 158 158 160 160 161 164 165 167 163 168 159
 130  42  48 149 156 158 158 159 159 162 164 165 167 165 169 172
 115  41  64 156 156 157 157 160 161 163 163 164 166 168 170 170
 126  46  50 139 153 156 159 159 160 161 164 164 165 165 168 172
 148  63  42  71 148 154 158 159 157 161 160 163 164 165 166 169
 151 130  40  45  43  85 108 131 156 150 144 152 162 166 165 168
 151 154 127  63  44  41  45  42  40  38  35  40  49  96 166 165
 149 151 153 149 116  84  59  43  41  40  39  39  37  71 169 164
 147 150 154 154 154 154 160 141 133 127 119 113 106 141 164 164
 149 151 153 152 155 154 155 156 157 155 153 153 154 159 162 157
 132 129 133 135 130 126 123 103 106 106 110 109 115 123 124 104

