 190 190 186 185 186 188 187 185 185 182 180 181 178 176 180 183
 192 187 185 119  82 181 184 184 184 183 177 123  66 147 172 176
 185 184 186  62  39 129 181 182 180 178 166  50  36 100 173 174
 177 184 183  84  32  82 179 179 178 174 106  30  34 151 174 169
 182 182 179 112  33  40 172 175 176 171  66  31  76 178 172 164
 186 181 180 149  30  35 131 174 170 143  30  33 139 169 165 164
 179 180 178 180  54  32  90 170 165 107  29  41 164 165 165 161
 168 178 177 175  86  35  39 166 163  49  29  92 166 163 161 158
 173 178 175 172 131  32  29 138 138  31  31 134 163 160 159 160
 176 174 172 169 160  32  31  94  83  24  56 166 161 162 159 160
 167 169 168 166 163  69  29  46  44  30  98 161 159 159 158 161
 150 164 164 163 164  99  33  25  29  32 149 159 157 158 158 156
 154 162 162 161 162 150  30  26  28  60 161 159 158 157 156 155
 155 159 161 159 159 160  60  27  27 116 159 158 157 157 156 155
 147 157 158 159 157 157 122  33  53 155 158 158 156 155 155 157
 137 155 153 155 151 153 154 144 151 153 157 156 155 154 153 152
 184 184 184 184 185 180 179 180 179 177 174 175 173 171 171 179
 185 180 181 115  76 171 178 177 176 175 172 121  61 145 165 172
 181 178 183  59  34 121 177 176 175 172 164  49  33  85 164 171
 169 176 177  80  34  76 176 172 171 169 109  30  31 139 166 166
 174 175 174 111  27  31 169 170 167 166  63  29  70 169 164 161
 178 175 174 151  28  30 126 168 164 143  28  29 128 165 162 161
 174 173 172 178  53  34  87 167 164 108  31  41 161 162 161 159
 165 172 170 169  83  32  37 163 162  51  30  88 165 161 160 160
 167 171 168 166 130  29  32 136 142  28  29 129 161 160 160 160
 169 168 166 166 159  32  33  91  89  30  52 163 160 160 159 161
 165 166 165 165 164  69  28  45  42  27  90 160 160 159 158 160
 150 165 163 164 163  98  30  27  28  30 142 160 159 158 157 156
 153 162 163 161 161 152  29  27  31  57 161 159 158 157 156 157
 154 160 161 159 159 160  57  31  30 110 158 157 158 157 156 157
 146 158 159 159 159 157 124  27  49 154 157 159 157 156 154 158
 137 159 159 157 156 157 159 150 155 155 158 158 156 154 154 160
 176 172 169 170 175 171 171 170 168 169 165 163 164 163 161 170
 181 174 173 118  88 170 172 169 171 170 164 122  75 141 161 170
 176 174 173  63  42 118 169 169 168 165 158  60  39  87 160 165
 165 172 173  81  37  84 169 167 168 166 113  41  37 136 163 161
 172 169 166 109  35  38 165 165 166 165  78  40  70 161 164 161
 177 168 163 141  35  43 124 165 161 145  41  41 124 160 159 160
 170 169 167 172  57  44  91 164 162 113  39  42 158 159 158 158
 161 167 165 167  91  38  45 161 161  58  35  90 157 160 157 156
 164 168 165 165 129  38  33 132 139  41  37 127 160 160 160 159
 165 168 166 165 158  33  34  88  92  41  59 159 159 160 159 160
 164 166 164 162 159  72  37  48  53  41  95 158 160 158 157 161
 153 165 162 162 163 101  39  39  40  43 142 160 159 159 157 157
 161 161 162 161 161 152  41  35  34  65 161 159 158 156 156 156
 160 160 160 159 159 160  68  38  40 115 157 157 158 157 156 157
 148 158 158 159 159 157 122  35  53 152 157 159 158 156 154 158
 140 159 158 160 156 157 156 145 145 155 157 158 158 155 155 160

 183 176 174 169 164 164 161 158 160 160 161 156 155 155 157 152
 180 172 173 174 172 165 165 161 159 159 158 158 156 156 155 153
 176 147 100 151 178 169 165 163 160 162 159 158 157 157 155 154
 178  66  36  34  76 139 164 166 163 161 159 157 158 157 156 155
 181 123  50  30  31  33  41  92 134 166 161 159 159 158 158 156
 180 177 166 106  66  30  29  29  31  56  98 149 161 159 158 157
 182 183 178 174 171 143 107  49  31  24  30  32  60 116 155 153
 185 184 180 178 176 170 165 163 138  83  44  29  28  27  53 151
 185 184 182 179 175 174 170 166 138  94  46  25  26  27  33 144
 187 184 181 179 172 131  90  39  29  31  29  33  30  60 122 154
 188 181 129  82  40  35  32  35  32  32  69  99 150 160 157 153
 186  82  39  32  33  30  54  86 131 160 163 164 162 159 157 151
 185 119  62  84 112 149 180 175 172 169 166 163 161 159 159 155
 186 185 186 183 179 180 178 177 175 172 168 164 162 161 158 153
 190 187 184 184 182 181 180 178 178 174 169 164 162 159 157 155
 190 192 185 177 182 186 179 168 173 176 167 150 154 155 147 137
 179 172 171 166 161 161 159 160 160 161 160 156 157 157 158 160
 171 165 164 166 164 162 161 160 160 159 158 157 156 156 154 154
 171 145  85 139 169 165 162 161 160 160 159 158 157 157 156 154
 173  61  33  31  70 128 161 165 161 160 160 159 158 158 157 156
 175 121  49  30  29  29  41  88 129 163 160 160 159 157 159 158
 174 172 164 109  63  28  31  30  29  52  90 142 161 158 157 158
 177 175 172 169 166 143 108  51  28  30  27  30  57 110 154 155
 179 176 175 171 167 164 164 162 142  89  42  28  31  30  49 155
 180 177 176 172 170 168 167 163 136  91  45  27  27  31  27 150
 179 178 177 176 169 126  87  37  32  33  28  30  29  57 124 159
 180 171 121  76  31  30  34  32  29  32  69  98 152 160 157 157
 185  76  34  34  27  28  53  83 130 159 164 163 161 159 159 156
 184 115  59  80 111 151 178 169 166 166 165 164 161 159 159 157
 184 181 183 177 174 174 172 170 168 166 165 163 163 161 159 159
 184 180 178 176 175 175 173 172 171 168 166 165 162 160 158 159
 184 185 181 169 174 178 174 165 167 169 165 150 153 154 146 137
 170 170 165 161 161 160 158 156 159 160 161 157 156 157 158 160
 161 161 160 163 164 159 158 157 160 159 157 157 156 156 154 155
 163 141  87 136 161 160 159 160 160 160 158 159 156 157 156 155
 164  75  39  37  70 124 158 157 160 159 160 159 158 158 158 158
 163 122  60  41  40  41  42  90 127 159 158 160 159 157 159 158
 165 164 158 113  78  41  39  35  37  59  95 142 161 157 157 157
 169 170 165 166 165 145 113  58  41  41  41  43  65 115 152 155
 168 171 168 168 166 161 162 161 139  92  53  40  34  40  53 145
 170 169 169 167 165 165 164 161 132  88  48  39  35  38  35 145
 171 172 169 169 165 124  91  45  33  34  37  39  41  68 122 156
 171 170 118  84  38  43  44  38  38  33  72 101 152 160 157 157
 175  88  42  37  35  35  57  91 129 158 159 163 161 159 159 156
 170 118  63  81 109 141 172 167 165 165 162 162 161 159 159 160
 169 173 173 173 166 163 167 165 165 166 164 162 162 160 158 158
 172 174 174 172 169 168 169 167 168 168 166 165 161 160 158 159
 176 181 176 165 172 177 170 161 164 165 164 153 161 160 148 140

 152 153 154 155 156 157 153 151 144 154 153 151 155 153 155 137
 157 155 155 156 158 158 155  53  33 122 157 157 159 158 157 147
 155 156 157 157 158 159 116  27  27  60 160 159 159 161 159 155
 155 156 157 158 159 161  60  28  26  30 150 162 161 162 162 154
 156 158 158 157 159 149  32  29  25  33  99 164 163 164 164 150
 161 158 159 159 161  98  30  44  46  29  69 163 166 168 169 167
 160 159 162 161 166  56  24  83  94  31  32 160 169 172 174 176
 160 159 160 163 134  31  31 138 138  29  32 131 172 175 178 173
 158 161 163 166  92  29  49 163 166  39  35  86 175 177 178 168
 161 165 165 164  41  29 107 165 170  90  32  54 180 178 180 179
 164 165 169 139  33  30 143 170 174 131  35  30 149 180 181 186
 164 172 178  76  31  66 171 176 175 172  40  33 112 179 182 182
 169 174 151  34  30 106 174 178 179 179  82  32  84 183 184 177
 174 173 100  36  50 166 178 180 182 181 129  39  62 186 184 185
 176 172 147  66 123 177 183 184 184 184 181  82 119 185 187 192
 183 180 176 178 181 180 182 185 185 187 188 186 185 186 190 190
 160 154 154 156 158 158 155 155 150 159 157 156 157 159 159 137
 158 154 156 157 159 157 154  49  27 124 157 159 159 159 158 146
 157 156 157 158 157 158 110  30  31  57 160 159 159 161 160 154
 157 156 157 158 159 161  57  31  27  29 152 161 161 163 162 153
 156 157 158 159 160 142  30  28  27  30  98 163 164 163 165 150
 160 158 159 160 160  90  27  42  45  28  69 164 165 165 166 165
 161 159 160 160 163  52  30  89  91  33  32 159 166 166 168 169
 160 160 160 161 129  29  28 142 136  32  29 130 166 168 171 167
 160 160 161 165  88  30  51 162 163  37  32  83 169 170 172 165
 159 161 162 161  41  31 108 164 167  87  34  53 178 172 173 174
 161 162 165 128  29  28 143 164 168 126  30  28 151 174 175 178
 161 164 169  70  29  63 166 167 170 169  31  27 111 174 175 174
 166 166 139  31  30 109 169 171 172 176  76  34  80 177 176 169
 171 164  85  33  49 164 172 175 176 177 121  34  59 183 178 181
 172 165 145  61 121 172 175 176 177 178 171  76 115 181 180 185
 179 171 171 173 175 174 177 179 180 179 180 185 184 184 184 184
 160 155 155 158 158 157 155 145 145 156 157 156 160 158 159 140
 158 154 156 158 159 157 152  53  35 122 157 159 159 158 158 148
 157 156 157 158 157 157 115  40  38  68 160 159 159 160 160 160
 156 156 156 158 159 161  65  34  35  41 152 161 161 162 161 161
 157 157 159 159 160 142  43  40  39  39 101 163 162 162 165 153
 161 157 158 160 158  95  41  53  48  37  72 159 162 164 166 164
 160 159 160 159 159  59  41  92  88  34  33 158 165 166 168 165
 159 160 160 160 127  37  41 139 132  33  38 129 165 165 168 164
 156 157 160 157  90  35  58 161 161  45  38  91 167 165 167 161
 158 158 159 158  42  39 113 162 164  91  44  57 172 167 169 170
 160 159 160 124  41  41 145 161 165 124  43  35 141 163 168 177
 161 164 161  70  40  78 165 166 165 165  38  35 109 166 169 172
 161 163 136  37  41 113 166 168 167 169  84  37  81 173 172 165
 165 160  87  39  60 158 165 168 169 169 118  42  63 173 174 176
 170 161 141  75 122 164 170 171 169 172 170  88 118 173 174 181
 170 161 163 164 163 165 169 168 170 171 171 175 170 169 172 176

 137 147 155 154 150 167 176 173 168 179 186 182 177 185 192 190
 155 157 159 162 164 169 174 178 178 180 181 182 184 184 187 190
 153 158 161 162 164 168 172 175 177 178 180 179 183 186 185 186
 155 159 159 161 163 166 169 172 175 180 149 112  84  62 119 185
 151 157 159 162 164 163 160 131  86  54  30  33  32  39  82 186
 153 157 160 150  99  69  32  32  35  32  35  40  82 129 181 188
 154 122  60  30  33  29  31  29  39  90 131 172 179 181 184 187
 144  33  27  26  25  46  94 138 166 170 174 175 179 182 184 185
 151  53  27  28  29  44  83 138 163 165 170 176 178 180 184 185
 153 155 116  60  32  30  24  31  49 107 143 171 174 178 183 182
 157 158 159 161 149  98  56  31  29  29  30  66 106 166 177 180
 156 158 158 159 159 161 166 134  92  41  33  31  30  50 123 181
 155 156 157 158 157 159 161 163 166 164 139  76  34  36  66 178
 154 155 157 157 158 159 162 160 163 165 169 178 151 100 147 176
 153 155 156 156 158 158 159 159 161 165 165 172 174 173 172 180
 152 157 155 155 156 161 160 160 158 161 164 164 169 174 176 183
 137 146 154 153 150 165 169 167 165 174 178 174 169 181 185 184
 159 158 160 162 165 166 168 171 172 173 175 175 176 178 180 184
 159 159 161 163 163 165 166 168 170 172 174 174 177 183 181 184
 157 159 159 161 164 165 166 166 169 178 151 111  80  59 115 184
 156 159 159 161 163 164 159 130  83  53  28  27  34  34  76 185
 157 157 160 152  98  69  32  29  32  34  30  31  76 121 171 180
 159 124  57  29  30  28  33  32  37  87 126 169 176 177 178 179
 150  27  31  27  27  45  91 136 163 167 168 170 172 176 177 180
 155  49  30  31  28  42  89 142 162 164 164 167 171 175 176 179
 155 154 110  57  30  27  30  28  51 108 143 166 169 172 175 177
 158 157 158 161 142  90  52  29  30  31  28  63 109 164 172 174
 158 159 157 159 160 160 163 129  88  41  29  29  30  49 121 175
 156 157 158 158 159 160 160 161 165 161 128  70  31  33  61 173
 154 156 157 157 158 159 160 160 161 162 165 169 139  85 145 171
 154 154 156 156 157 158 159 160 160 161 162 164 166 164 165 171
 160 158 157 157 156 160 161 160 160 159 161 161 166 171 172 179
 140 148 160 161 153 164 165 164 161 170 177 172 165 176 181 176
 159 158 160 161 165 166 168 168 167 169 168 169 172 174 174 172
 158 158 160 162 162 164 166 165 165 167 163 166 173 173 173 169
 160 159 159 161 162 162 165 165 167 172 141 109  81  63 118 170
 156 159 159 161 163 159 158 129  91  57  35  35  37  42  88 175
 157 157 160 152 101  72  33  38  38  44  43  38  84 118 170 171
 156 122  68  41  39  37  34  33  45  91 124 165 169 169 172 171
 145  35  38  35  39  48  88 132 161 164 165 165 167 169 169 170
 145  53  40  34  40  53  92 139 161 162 161 166 168 168 171 168
 155 152 115  65  43  41  41  41  58 113 145 165 166 165 170 169
 157 157 157 161 142  95  59  37  35  39  41  78 113 158 164 165
 158 159 157 159 160 158 159 127  90  42  41  40  41  60 122 163
 158 158 158 158 159 160 159 160 157 158 124  70  37  39  75 164
 155 156 157 156 159 158 160 160 160 159 160 161 136  87 141 163
 155 154 156 156 157 157 159 160 157 158 159 164 163 160 161 161
 160 158 157 156 157 161 160 159 156 158 160 161 161 165 170 170

