 172 184 171 127 172 183 181 179 179 177 176 166 127 152 175 174
 174 180  85  40  66 166 180 180 181 177 173  88  31  62 177 174
 169 182 131  40  33  85 173 180 177 170  97  35  28  95 171 167
 182 183 177  94  34  35 138 172 172 106  35  30  92 166 170 160
 173 182 179 171  79  33  47 156 116  39  32  88 166 170 166 165
 178 181 178 175 147  38  31  48  36  29  69 167 173 172 170 167
 183 180 180 175 173 108  36  29  28  49 161 175 176 173 172 164
 175 180 179 171 167 144  38  29  27 134 170 178 175 171 170 166
 177 178 175 170 160  61  30  29  29  50 154 167 167 166 167 167
 176 178 177 165  98  32  30  90  29  29  66 157 162 160 159 164
 178 175 167 132  35  26  80 160 102  31  28  81 154 154 155 151
 171 167 148  45  33  51 153 162 162  79  29  29 107 150 152 154
 165 163  66  26  32 135 161 159 157 155  53  26  29 121 151 154
 165 162  53  33 117 158 158 158 157 152 139  57  32 121 149 152
 157 155 144 149 154 155 154 152 152 151 149 146 136 150 149 150
 148 150 151 151 150 149 150 148 148 144 145 147 148 151 148 150
 165 173 166 117 163 169 167 170 168 168 169 163 123 147 166 167
 165 170  66  32  59 159 167 165 164 162 163  81  26  49 165 164
 157 169 114  28  28  81 167 164 162 160  89  31  26  88 162 158
 172 167 161  84  30  32 137 165 166 100  29  28  88 160 159 156
 167 169 166 159  62  28  43 153 110  29  29  83 162 161 159 161
 171 168 167 165 134  25  28  46  30  27  60 161 161 162 159 163
 174 168 165 163 163  99  23  27  25  43 156 164 162 161 161 159
 170 166 164 162 161 143  30  26  28 134 163 163 161 161 159 160
 175 166 164 161 157  56  25  26  27  46 154 159 159 156 157 162
 172 164 162 158  93  23  27  89  25  30  66 156 154 153 155 161
 168 162 160 128  30  24  76 157  91  24  26  78 154 152 153 148
 169 160 147  34  23  48 150 158 156  71  23  30 110 152 152 155
 164 159  59  27  29 131 157 157 156 154  51  26  28 121 151 155
 163 160  42  24 111 155 153 153 153 152 140  54  23 118 149 152
 157 153 140 143 154 152 152 151 151 151 149 147 134 151 149 150
 153 151 151 150 149 149 150 148 150 148 148 147 150 153 149 149
 164 161 154 113 160 162 161 161 160 159 160 152 115 137 154 152
 159 160  68  37  63 154 160 161 159 157 157  81  35  56 158 156
 150 160 109  34  34  89 157 161 162 157  90  34  31  95 156 154
 169 164 156  77  33  38 138 158 157  98  32  33  87 153 154 151
 163 162 161 150  61  36  51 147 106  34  36  86 154 157 154 154
 168 161 162 159 127  32  32  49  33  29  67 154 156 158 154 156
 172 163 161 159 156  94  30  33  32  50 150 159 159 157 155 150
 166 162 161 159 155 131  35  37  36 131 157 158 157 156 154 152
 173 164 162 160 151  63  35  35  33  56 149 158 154 155 156 156
 168 162 163 157  90  32  30  88  29  33  74 156 153 153 155 159
 167 162 157 124  32  30  80 151  93  33  36  89 150 152 153 148
 163 158 142  44  30  52 148 154 153  73  32  38 112 149 150 155
 160 153  64  33  40 131 156 154 154 151  55  32  33 126 151 154
 162 154  52  39 114 154 153 154 153 152 137  56  32 120 149 152
 158 152 139 140 151 152 152 151 151 151 149 144 132 150 149 151
 152 150 151 153 149 149 149 150 152 148 148 150 150 150 147 150

 174 174 167 160 165 167 164 166 167 164 151 154 154 152 150 150
 175 177 171 170 166 170 172 170 167 159 155 152 151 149 149 148
 152  62  95 166 170 172 173 171 166 160 154 150 121 121 150 151
 127  31  28  92 166 173 176 175 167 162 154 107  29  32 136 148
 166  88  35  30  88 167 175 178 167 157  81  29  26  57 146 147
 176 173  97  35  32  69 161 170 154  66  28  29  53 139 149 145
 177 177 170 106  39  29  49 134  50  29  31  79 155 152 151 144
 179 181 177 172 116  36  28  27  29  29 102 162 157 157 152 148
 179 180 180 172 156  48  29  29  29  90 160 162 159 158 152 148
 181 180 173 138  47  31  36  38  30  30  80 153 161 158 154 150
 183 166  85  35  33  38 108 144  61  32  26  51 135 158 155 149
 172  66  33  34  79 147 173 167 160  98  35  33  32 117 154 150
 127  40  40  94 171 175 175 171 170 165 132  45  26  33 149 151
 171  85 131 177 179 178 180 179 175 177 167 148  66  53 144 151
 184 180 182 183 182 181 180 180 178 178 175 167 163 162 155 150
 172 174 169 182 173 178 183 175 177 176 178 171 165 165 157 148
 167 164 158 156 161 163 159 160 162 161 148 155 155 152 150 149
 166 165 162 159 159 159 161 159 157 155 153 152 151 149 149 149
 147  49  88 160 161 162 161 161 156 153 152 152 121 118 151 153
 123  26  26  88 162 161 162 161 159 154 154 110  28  23 134 150
 163  81  31  28  83 161 164 163 159 156  78  30  26  54 147 147
 169 163  89  29  29  60 156 163 154  66  26  23  51 140 149 148
 168 162 160 100  29  27  43 134  46  30  24  71 154 152 151 148
 168 164 162 166 110  30  25  28  27  25  91 156 156 153 151 150
 170 165 164 165 153  46  27  26  26  89 157 158 157 153 151 148
 167 167 167 137  43  28  23  30  25  27  76 150 157 153 152 150
 169 159  81  32  28  25  99 143  56  23  24  48 131 155 152 149
 163  59  28  30  62 134 163 161 157  93  30  23  29 111 154 149
 117  32  28  84 159 165 163 162 161 158 128  34  27  24 143 150
 166  66 114 161 166 167 165 164 164 162 160 147  59  42 140 151
 173 170 169 167 169 168 168 166 166 164 162 160 159 160 153 151
 165 165 157 172 167 171 174 170 175 172 168 169 164 163 157 153
 152 156 154 151 154 156 150 152 156 159 148 155 154 152 151 150
 154 158 156 154 154 154 155 154 156 155 153 150 151 149 149 147
 137  56  95 153 157 158 157 156 155 153 152 149 126 120 150 150
 115  35  31  87 154 156 159 157 154 153 150 112  33  32 132 150
 152  81  34  33  86 154 159 158 158 156  89  38  32  56 144 150
 160 157  90  32  36  67 150 157 149  74  36  32  55 137 149 148
 159 157 157  98  34  29  50 131  56  33  33  73 151 152 151 148
 160 159 162 157 106  33  32  36  33  29  93 153 154 153 151 152
 161 161 161 158 147  49  33  37  35  88 151 154 154 154 151 150
 161 160 157 138  51  32  30  35  35  30  80 148 156 153 152 149
 162 154  89  38  36  32  94 131  63  32  30  52 131 154 152 149
 160  63  34  33  61 127 156 155 151  90  32  30  40 114 151 149
 113  37  34  77 150 159 159 159 160 157 124  44  33  39 140 153
 154  68 109 156 161 162 161 161 162 163 157 142  64  52 139 151
 161 160 160 164 162 161 163 162 164 162 162 158 153 154 152 150
 164 159 150 169 163 168 172 166 173 168 167 163 160 162 158 152

 150 148 151 148 147 145 144 148 148 150 149 150 151 151 150 148
 150 149 150 136 146 149 151 152 152 154 155 154 149 144 155 157
 152 149 121  32  57 139 152 157 158 158 158 117  33  53 162 165
 154 151 121  29  26  53 155 157 159 161 135  32  26  66 163 165
 154 152 150 107  29  29  79 162 162 153  51  33  45 148 167 171
 151 155 154 154  81  28  31 102 160  80  26  35 132 167 175 178
 164 159 160 162 157  66  29  29  90  30  32  98 165 177 178 176
 167 167 166 167 167 154  50  29  29  30  61 160 170 175 178 177
 166 170 171 175 178 170 134  27  29  38 144 167 171 179 180 175
 164 172 173 176 175 161  49  28  29  36 108 173 175 180 180 183
 167 170 172 173 167  69  29  36  48  31  38 147 175 178 181 178
 165 166 170 166  88  32  39 116 156  47  33  79 171 179 182 173
 160 170 166  92  30  35 106 172 172 138  35  34  94 177 183 182
 167 171  95  28  35  97 170 177 180 173  85  33  40 131 182 169
 174 177  62  31  88 173 177 181 180 180 166  66  40  85 180 174
 174 175 152 127 166 176 177 179 179 181 183 172 127 171 184 172
 149 149 153 150 147 148 148 150 148 150 149 149 150 151 151 153
 150 149 151 134 147 149 151 151 151 152 152 154 143 140 153 157
 152 149 118  23  54 140 152 153 153 153 155 111  24  42 160 163
 155 151 121  28  26  51 154 156 157 157 131  29  27  59 159 164
 155 152 152 110  30  23  71 156 158 150  48  23  34 147 160 169
 148 153 152 154  78  26  24  91 157  76  24  30 128 160 162 168
 161 155 153 154 156  66  30  25  89  27  23  93 158 162 164 172
 162 157 156 159 159 154  46  27  26  25  56 157 161 164 166 175
 160 159 161 161 163 163 134  28  26  30 143 161 162 164 166 170
 159 161 161 162 164 156  43  25  27  23  99 163 163 165 168 174
 163 159 162 161 161  60  27  30  46  28  25 134 165 167 168 171
 161 159 161 162  83  29  29 110 153  43  28  62 159 166 169 167
 156 159 160  88  28  29 100 166 165 137  32  30  84 161 167 172
 158 162  88  26  31  89 160 162 164 167  81  28  28 114 169 157
 164 165  49  26  81 163 162 164 165 167 159  59  32  66 170 165
 167 166 147 123 163 169 168 168 170 167 169 163 117 166 173 165
 150 147 150 150 150 148 148 152 150 149 149 149 153 151 150 152
 151 149 150 132 144 149 151 151 151 152 152 151 140 139 152 158
 152 149 120  32  56 137 152 153 154 153 154 114  39  52 154 162
 154 151 126  33  32  55 151 154 154 156 131  40  33  64 153 160
 155 150 149 112  38  32  73 153 154 148  52  30  44 142 158 163
 148 153 152 150  89  36  33  93 151  80  30  32 124 157 162 167
 159 155 153 153 156  74  33  29  88  30  32  90 157 163 162 168
 156 156 155 154 158 149  56  33  35  35  63 151 160 162 164 173
 152 154 156 157 158 157 131  36  37  35 131 155 159 161 162 166
 150 155 157 159 159 150  50  32  33  30  94 156 159 161 163 172
 156 154 158 156 154  67  29  33  49  32  32 127 159 162 161 168
 154 154 157 154  86  36  34 106 147  51  36  61 150 161 162 163
 151 154 153  87  33  32  98 157 158 138  38  33  77 156 164 169
 154 156  95  31  34  90 157 162 161 157  89  34  34 109 160 150
 156 158  56  35  81 157 157 159 161 160 154  63  37  68 160 159
 152 154 137 115 152 160 159 160 161 161 162 160 113 154 161 164

 148 157 165 165 171 178 176 177 175 183 178 173 182 169 174 172
 150 155 162 163 167 175 178 178 180 180 181 182 183 182 180 184
 151 144  53  66 148 167 177 175 179 180 178 179 177 131  85 171
 151 149  33  26  45 132 165 170 171 175 175 171  94  40  40 127
 150 154 117  32  33  35  98 160 167 173 147  79  34  33  66 172
 149 155 158 135  51  26  32  61 144 108  38  33  35  85 166 183
 150 154 158 161 153  80  30  30  38  36  31  47 138 173 180 181
 148 152 158 159 162 160  90  29  29  29  48 156 172 180 180 179
 148 152 157 157 162 102  29  29  27  28  36 116 172 177 181 179
 144 151 152 155  79  31  29  50 134  49  29  39 106 170 177 177
 145 149 139  53  29  28  66 154 170 161  69  32  35  97 173 176
 147 146  57  26  29  81 157 167 178 175 167  88  30  35  88 166
 148 136  32  29 107 154 162 167 175 176 173 166  92  28  31 127
 151 150 121 121 150 154 160 166 171 173 172 170 166  95  62 152
 148 149 149 151 152 155 159 167 170 172 170 166 170 171 177 175
 150 150 152 154 154 151 164 167 166 164 167 165 160 167 174 174
 153 157 163 164 169 168 172 175 170 174 171 167 172 157 165 165
 151 153 160 159 160 162 164 166 166 168 168 169 167 169 170 173
 151 140  42  59 147 160 162 164 164 165 167 166 161 114  66 166
 150 143  24  27  34 128 158 161 162 163 165 159  84  28  32 117
 149 154 111  29  23  30  93 157 161 163 134  62  30  28  59 163
 149 152 155 131  48  24  23  56 143  99  25  28  32  81 159 169
 150 152 153 157 150  76  27  25  30  23  28  43 137 167 167 167
 148 151 153 157 158 157  89  26  26  27  46 153 165 164 165 170
 150 151 153 156 156  91  25  27  28  25  30 110 166 162 164 168
 148 151 152 154  71  24  30  46 134  43  27  29 100 160 162 168
 148 149 140  51  23  26  66 154 163 156  60  29  29  89 163 169
 147 147  54  26  30  78 156 159 163 164 161  83  28  31  81 163
 150 134  23  28 110 154 154 159 161 162 161 162  88  26  26 123
 153 151 118 121 152 152 153 156 161 161 162 161 160  88  49 147
 149 149 149 151 152 153 155 157 159 161 159 159 159 162 165 166
 149 150 152 155 155 148 161 162 160 159 163 161 156 158 164 167
 152 158 162 160 163 167 168 173 166 172 168 163 169 150 159 164
 150 152 154 153 158 162 162 164 162 163 161 162 164 160 160 161
 151 139  52  64 142 157 163 162 161 161 162 161 156 109  68 154
 153 140  39  33  44 124 157 160 159 159 159 150  77  34  37 113
 149 151 114  40  30  32  90 151 155 156 127  61  33  34  63 160
 149 152 154 131  52  30  32  63 131  94  32  36  38  89 154 162
 149 152 153 156 148  80  30  35  35  30  32  51 138 157 160 161
 150 151 154 154 154 151  88  35  37  33  49 147 158 161 161 161
 152 151 153 154 153  93  29  33  36  32  33 106 157 162 159 160
 148 151 152 151  73  33  33  56 131  50  29  34  98 157 157 159
 148 149 137  55  32  36  74 149 157 150  67  36  32  90 157 160
 150 144  56  32  38  89 156 158 158 159 154  86  33  34  81 152
 150 132  32  33 112 150 153 154 157 159 156 154  87  31  35 115
 150 150 120 126 149 152 153 155 156 157 158 157 153  95  56 137
 147 149 149 151 150 153 155 156 154 155 154 154 154 156 158 154
 150 151 152 154 155 148 159 156 152 150 156 154 151 154 156 152

