 195 193 184 182 184 180 180 180 169 165 166 168 171 174 172 137
 193 188 137  70  73  82  82  94  98  84  71  77  97 146 168 151
 189 187  83  42  35  33  33  30  30  28  31  28  31  57 170 142
 188 187 163 123 108 116 109  93 100  59  27  27  32 127 166 141
 189 184 181 177 175 174 175 172 102  30  24  56 146 169 167 148
 183 184 182 178 177 175 173 119  36  30  71 165 169 169 167 137
 180 183 179 177 173 173 145  39  32  58 164 169 168 167 161 151
 177 176 176 172 170 161  49  30  42 157 168 168 166 169 163 137
 167 168 167 168 165  69  31  33 133 166 167 166 166 167 164 148
 159 164 164 160 104  33  32 100 162 162 164 164 166 165 163 144
 161 163 161 134  37  29  56 158 160 160 162 165 164 163 160 143
 159 159 150  55  32  34 141 158 157 159 159 162 161 161 161 148
 157 157  91  33  25  74 118 102 109 102  91 109  99 141 160 134
 152 161  59  30  27  26  29  29  27  30  30  31  30  53 156 149
 153 157 107  62  50  60  64  65  84  71  79  74  73 122 158 136
 150 153 153 156 153 153 156 153 155 154 154 154 153 152 153 142
 184 179 172 174 178 175 171 168 159 157 157 160 162 162 162 133
 182 178 125  60  66  78  73  83  90  78  61  77  94 139 163 148
 181 176  70  33  31  30  29  25  27  26  27  27  28  44 163 137
 180 175 149  99  85 105 105  78  89  54  27  28  27 113 161 138
 179 174 171 168 165 166 168 166 101  29  25  45 140 161 159 146
 176 173 171 167 165 166 168 117  30  26  59 155 161 162 161 134
 173 170 168 169 168 166 140  30  26  42 154 161 161 163 160 150
 167 166 167 167 165 156  41  26  37 145 161 160 160 162 161 137
 165 164 164 164 162  69  26  28 123 162 162 162 161 162 161 148
 160 161 161 161 111  29  28  91 161 160 160 160 161 159 159 142
 160 161 159 136  34  29  51 154 158 157 157 160 161 160 159 143
 159 158 152  52  28  30 134 157 155 156 157 159 160 159 158 148
 159 156  90  28  28  79 129 102 114 104  87 112 102 141 156 133
 156 161  55  27  26  26  27  25  27  28  25  28  30  49 155 149
 154 156 105  54  38  55  59  61  80  60  70  70  67 114 157 136
 156 154 155 157 157 158 158 153 155 156 156 156 152 156 156 145
 177 175 171 168 168 166 162 162 160 157 155 159 159 161 158 131
 176 169 127  68  75  85  85  91  91  82  75  90 105 142 162 148
 177 171  76  44  39  37  40  39  40  38  41  40  36  59 164 136
 175 171 150 103  92 105 101  86  93  58  41  34  33 121 158 137
 173 172 171 168 162 162 162 164 107  39  40  59 137 158 160 148
 169 172 170 165 165 164 163 115  46  39  70 151 160 159 160 134
 167 170 169 167 163 165 143  46  44  65 153 162 162 162 159 149
 168 167 168 164 163 159  60  41  50 149 162 160 160 163 161 136
 164 164 164 164 162  75  38  39 124 161 163 161 159 161 161 151
 159 159 160 159 111  41  38  96 156 159 160 160 161 158 159 145
 159 160 159 137  49  39  59 154 158 157 157 160 161 160 157 141
 160 160 152  69  45  44 134 157 156 157 158 158 160 159 157 147
 159 156  95  43  42  88 130 111 117 115 106 120 111 142 157 134
 158 163  69  42  38  40  44  43  43  45  43  45  43  65 157 152
 157 160 111  62  57  69  66  71  83  66  84  82  77 117 157 137
 158 158 154 156 154 154 156 154 155 154 157 153 153 156 156 143

 137 151 142 141 148 137 151 137 148 144 143 148 134 149 136 142
 172 168 170 166 167 167 161 163 164 163 160 161 160 156 158 153
 174 146  57 127 169 169 167 169 167 165 163 161 141  53 122 152
 171  97  31  32 146 169 168 166 166 166 164 161  99  30  73 153
 168  77  28  27  56 165 169 168 166 164 165 162 109  31  74 154
 166  71  31  27  24  71 164 168 167 164 162 159  91  30  79 154
 165  84  28  59  30  30  58 157 166 162 160 159 102  30  71 154
 169  98  30 100 102  36  32  42 133 162 160 157 109  27  84 155
 180  94  30  93 172 119  39  30  33 100 158 158 102  29  65 153
 180  82  33 109 175 173 145  49  31  32  56 141 118  29  64 156
 180  82  33 116 174 175 173 161  69  33  29  34  74  26  60 153
 184  73  35 108 175 177 173 170 165 104  37  32  25  27  50 153
 182  70  42 123 177 178 177 172 168 160 134  55  33  30  62 156
 184 137  83 163 181 182 179 176 167 164 161 150  91  59 107 153
 193 188 187 187 184 184 183 176 168 164 163 159 157 161 157 153
 195 193 189 188 189 183 180 177 167 159 161 159 157 152 153 150
 133 148 137 138 146 134 150 137 148 142 143 148 133 149 136 145
 162 163 163 161 159 161 160 161 161 159 159 158 156 155 157 156
 162 139  44 113 161 162 163 162 162 159 160 159 141  49 114 156
 162  94  28  27 140 161 161 160 161 161 161 160 102  30  67 152
 160  77  27  28  45 155 161 160 162 160 160 159 112  28  70 156
 157  61  27  27  25  59 154 161 162 160 157 157  87  25  70 156
 157  78  26  54  29  26  42 145 162 160 157 156 104  28  60 156
 159  90  27  89 101  30  26  37 123 161 158 155 114  27  80 155
 168  83  25  78 166 117  30  26  28  91 154 157 102  25  61 153
 171  73  29 105 168 168 140  41  26  28  51 134 129  27  59 158
 175  78  30 105 166 166 166 156  69  29  29  30  79  26  55 158
 178  66  31  85 165 165 168 165 162 111  34  28  28  26  38 157
 174  60  33  99 168 167 169 167 164 161 136  52  28  27  54 157
 172 125  70 149 171 171 168 167 164 161 159 152  90  55 105 155
 179 178 176 175 174 173 170 166 164 161 161 158 156 161 156 154
 184 182 181 180 179 176 173 167 165 160 160 159 159 156 154 156
 131 148 136 137 148 134 149 136 151 145 141 147 134 152 137 143
 158 162 164 158 160 160 159 161 161 159 157 157 157 157 157 156
 161 142  59 121 158 159 162 163 161 158 160 159 142  65 117 156
 159 105  36  33 137 160 162 160 159 161 161 160 111  43  77 153
 159  90  40  34  59 151 162 160 161 160 160 158 120  45  82 153
 155  75  41  41  40  70 153 162 163 160 157 158 106  43  84 157
 157  82  38  58  39  39  65 149 161 159 157 157 115  45  66 154
 160  91  40  93 107  46  44  50 124 156 158 156 117  43  83 155
 162  91  39  86 164 115  46  41  39  96 154 157 111  43  71 154
 162  85  40 101 162 163 143  60  38  38  59 134 130  44  66 156
 166  85  37 105 162 164 165 159  75  41  39  44  88  40  69 154
 168  75  39  92 162 165 163 163 162 111  49  45  42  38  57 154
 168  68  44 103 168 165 167 164 164 159 137  69  43  42  62 156
 171 127  76 150 171 170 169 168 164 160 159 152  95  69 111 154
 175 169 171 171 172 172 170 167 164 159 160 160 156 163 160 158
 177 176 177 175 173 169 167 168 164 159 159 160 159 158 157 158

 142 153 152 153 154 154 154 155 153 156 153 153 156 153 153 150
 136 158 122  73  74  79  71  84  65  64  60  50  62 107 157 153
 149 156  53  30  31  30  30  27  29  29  26  27  30  59 161 152
 134 160 141  99 109  91 102 109 102 118  74  25  33  91 157 157
 148 161 161 161 162 159 159 157 158 141  34  32  55 150 159 159
 143 160 163 164 165 162 160 160 158  56  29  37 134 161 163 161
 144 163 165 166 164 164 162 162 100  32  33 104 160 164 164 159
 148 164 167 166 166 167 166 133  33  31  69 165 168 167 168 167
 137 163 169 166 168 168 157  42  30  49 161 170 172 176 176 177
 151 161 167 168 169 164  58  32  39 145 173 173 177 179 183 180
 137 167 169 169 165  71  30  36 119 173 175 177 178 182 184 183
 148 167 169 146  56  24  30 102 172 175 174 175 177 181 184 189
 141 166 127  32  27  27  59 100  93 109 116 108 123 163 187 188
 142 170  57  31  28  31  28  30  30  33  33  35  42  83 187 189
 151 168 146  97  77  71  84  98  94  82  82  73  70 137 188 193
 137 172 174 171 168 166 165 169 180 180 180 184 182 184 193 195
 145 156 156 152 156 156 156 155 153 158 158 157 157 155 154 156
 136 157 114  67  70  70  60  80  61  59  55  38  54 105 156 154
 149 155  49  30  28  25  28  27  25  27  26  26  27  55 161 156
 133 156 141 102 112  87 104 114 102 129  79  28  28  90 156 159
 148 158 159 160 159 157 156 155 157 134  30  28  52 152 158 159
 143 159 160 161 160 157 157 158 154  51  29  34 136 159 161 160
 142 159 159 161 160 160 160 161  91  28  29 111 161 161 161 160
 148 161 162 161 162 162 162 123  28  26  69 162 164 164 164 165
 137 161 162 160 160 161 145  37  26  41 156 165 167 167 166 167
 150 160 163 161 161 154  42  26  30 140 166 168 169 168 170 173
 134 161 162 161 155  59  26  30 117 168 166 165 167 171 173 176
 146 159 161 140  45  25  29 101 166 168 166 165 168 171 174 179
 138 161 113  27  28  27  54  89  78 105 105  85  99 149 175 180
 137 163  44  28  27  27  26  27  25  29  30  31  33  70 176 181
 148 163 139  94  77  61  78  90  83  73  78  66  60 125 178 182
 133 162 162 162 160 157 157 159 168 171 175 178 174 172 179 184
 143 156 156 153 153 157 154 155 154 156 154 154 156 154 158 158
 137 157 117  77  82  84  66  83  71  66  69  57  62 111 160 157
 152 157  65  43  45  43  45  43  43  44  40  38  42  69 163 158
 134 157 142 111 120 106 115 117 111 130  88  42  43  95 156 159
 147 157 159 160 158 158 157 156 157 134  44  45  69 152 160 160
 141 157 160 161 160 157 157 158 154  59  39  49 137 159 160 159
 145 159 158 161 160 160 159 156  96  38  41 111 159 160 159 159
 151 161 161 159 161 163 161 124  39  38  75 162 164 164 164 164
 136 161 163 160 160 162 149  50  41  60 159 163 164 168 167 168
 149 159 162 162 162 153  65  44  46 143 165 163 167 169 170 167
 134 160 159 160 151  70  39  46 115 163 164 165 165 170 172 169
 148 160 158 137  59  40  39 107 164 162 162 162 168 171 172 173
 137 158 121  33  34  41  58  93  86 101 105  92 103 150 171 175
 136 164  59  36  40  41  38  40  39  40  37  39  44  76 171 177
 148 162 142 105  90  75  82  91  91  85  85  75  68 127 169 176
 131 158 161 159 159 155 157 160 162 162 166 168 168 171 175 177

 150 153 152 157 159 161 159 167 177 180 183 189 188 189 193 195
 153 157 161 157 159 163 164 168 176 183 184 184 187 187 188 193
 153 107  59  91 150 161 164 167 176 179 182 181 163  83 137 184
 156  62  30  33  55 134 160 168 172 177 178 177 123  42  70 182
 153  50  27  25  32  37 104 165 170 173 177 175 108  35  73 184
 153  60  26  74  34  29  33  69 161 173 175 174 116  33  82 180
 156  64  29 118 141  56  32  31  49 145 173 175 109  33  82 180
 153  65  29 102 158 158 100  33  30  39 119 172  93  30  94 180
 155  84  27 109 157 160 162 133  42  32  36 102 100  30  98 169
 154  71  30 102 159 160 162 166 157  58  30  30  59  28  84 165
 154  79  30  91 159 162 164 167 168 164  71  24  27  31  71 166
 154  74  31 109 162 165 164 166 168 169 165  56  27  28  77 168
 153  73  30  99 161 164 166 166 166 168 169 146  32  31  97 171
 152 122  53 141 161 163 165 167 169 167 169 169 127  57 146 174
 153 158 156 160 161 160 163 164 163 161 167 167 166 170 168 172
 142 136 149 134 148 143 144 148 137 151 137 148 141 142 151 137
 156 154 156 159 159 160 160 165 167 173 176 179 180 181 182 184
 154 156 161 156 158 161 161 164 166 170 173 174 175 176 178 179
 155 105  55  90 152 159 161 164 167 168 171 171 149  70 125 172
 157  54  27  28  52 136 161 164 167 169 167 168  99  33  60 174
 157  38  26  28  28  34 111 162 165 168 165 165  85  31  66 178
 158  55  26  79  30  29  29  69 156 166 166 166 105  30  78 175
 158  59  27 129 134  51  28  26  41 140 168 168 105  29  73 171
 153  61  25 102 157 154  91  28  26  30 117 166  78  25  83 168
 155  80  27 114 155 158 161 123  37  26  30 101  89  27  90 159
 156  60  28 104 156 157 160 162 145  42  26  29  54  26  78 157
 156  70  25  87 157 157 160 162 161 154  59  25  27  27  61 157
 156  70  28 112 159 160 160 162 160 161 155  45  28  27  77 160
 152  67  30 102 160 161 161 161 160 161 161 140  27  28  94 162
 156 114  49 141 159 160 159 162 162 163 162 161 113  44 139 162
 156 157 155 156 158 159 159 161 161 160 161 159 161 163 163 162
 145 136 149 133 148 143 142 148 137 150 134 146 138 137 148 133
 158 157 158 159 160 159 159 164 168 167 169 173 175 177 176 177
 158 160 163 156 160 160 159 164 167 170 172 172 171 171 169 175
 154 111  69  95 152 159 160 164 168 169 170 171 150  76 127 171
 156  62  42  43  69 137 159 164 164 167 165 168 103  44  68 168
 154  57  38  42  45  49 111 162 163 163 165 162  92  39  75 168
 154  69  40  88  44  39  41  75 159 165 164 162 105  37  85 166
 156  66  44 130 134  59  38  38  60 143 163 162 101  40  85 162
 154  71  43 111 157 154  96  39  41  46 115 164  86  39  91 162
 155  83  43 117 156 158 156 124  50  44  46 107  93  40  91 160
 154  66  45 115 157 157 159 161 149  65  39  39  58  38  82 157
 157  84  43 106 158 157 160 163 162 153  70  40  41  41  75 155
 153  82  45 120 158 160 160 161 160 162 151  59  34  40  90 159
 153  77  43 111 160 161 161 159 160 162 160 137  33  36 105 159
 156 117  65 142 159 160 158 161 163 162 159 158 121  59 142 161
 156 157 157 157 157 157 159 161 161 159 160 160 158 164 162 158
 143 137 152 134 147 141 145 151 136 149 134 148 137 136 148 131

